-69.1363,69.1363
0.4989,-0.4989
19.1602,-19.1602
25.4978,-25.4978
20.2074,-20.2074
3.6814,-3.6814
55.1253,-55.1253
-43.0102,43.0102
80.2241,-80.2241
79.3658,-79.3658
67.0622,-67.0622
42.6309,-42.6309
-92.8693,92.8693
-52.8224,52.8224
-86.3265,86.3265
-85.1648,85.1648
56.4359,-56.4359
37.0640,-37.0640
-10.8097,10.8097
-79.9212,79.9212
-53.4016,53.4016
-24.0713,24.0713
-73.6965,73.6965
-12.5945,12.5945
-64.1634,64.1634
10.3199,-10.3199
15.2157,-15.2157
-58.4119,58.4119
-88.2657,88.2657
-82.8399,82.8399
-65.4899,65.4899
-25.5957,25.5957
69.2010,-69.2010
-0.7002,0.7002
22.2102,-22.2102
63.8639,-63.8639
10.0103,-10.0103
-47.7300,47.7300
-99.8603,99.8603
7.1215,-7.1215
-16.3648,16.3648
-89.5950,89.5950
51.1250,-51.1250
-31.2333,31.2333
-26.1224,26.1224
-33.1264,33.1264
87.1571,-87.1571
-95.2234,95.2234
49.1501,-49.1501
-40.8480,40.8480
-7.6233,7.6233
-77.4462,77.4462
-21.3594,21.3594
-48.2364,48.2364
26.5747,-26.5747
-10.4366,10.4366
10.3568,-10.3568
26.8907,-26.8907
78.4966,-78.4966
76.1919,-76.1919
16.7379,-16.7379
-25.5685,25.5685
-19.4281,19.4281
97.2184,-97.2184
-8.5808,8.5808
-46.3907,46.3907
69.4760,-69.4760
2.2341,-2.2341
-50.8098,50.8098
99.8086,-99.8086
-13.9705,13.9705
74.3786,-74.3786
75.1809,-75.1809
-11.9084,11.9084
74.0457,-74.0457
21.3081,-21.3081
84.4773,-84.4773
31.9278,-31.9278
-33.0818,33.0818
-46.2358,46.2358
89.5892,-89.5892
38.8545,-38.8545
19.3629,-19.3629
11.7195,-11.7195
-89.1524,89.1524
43.9275,-43.9275
-96.7724,96.7724
-51.9057,51.9057
63.7377,-63.7377
-26.4727,26.4727
89.0789,-89.0789
-13.6459,13.6459
79.2490,-79.2490
-39.1026,39.1026
-14.3089,14.3089
-79.6884,79.6884
16.6907,-16.6907
42.6969,-42.6969
-50.3940,50.3940
-33.2588,33.2588
39.9389,-39.9389
87.4203,-87.4203
-38.9514,38.9514
-66.2164,66.2164
11.9723,-11.9723
-75.7937,75.7937
-99.7922,99.7922
-55.4930,55.4930
-8.9013,8.9013
51.7721,-51.7721
-99.5186,99.5186
-20.4914,20.4914
48.9891,-48.9891
-87.3343,87.3343
-62.2390,62.2390
90.4203,-90.4203
91.8812,-91.8812
94.6237,-94.6237
-0.1966,0.1966
-53.1209,53.1209
-7.5739,7.5739
62.7227,-62.7227
-5.9384,5.9384
-6.2839,6.2839
98.2268,-98.2268
0.4024,-0.4024
-83.9347,83.9347
-37.9404,37.9404
-12.8939,12.8939
70.5560,-70.5560
-16.2132,16.2132
62.3569,-62.3569
92.9009,-92.9009
-65.6495,65.6495
-35.5002,35.5002
58.7886,-58.7886
-91.2918,91.2918
-86.4140,86.4140
68.7381,-68.7381
37.1521,-37.1521
-92.2805,92.2805
-98.3541,98.3541
-79.4565,79.4565
-25.7746,25.7746
-71.8193,71.8193
-22.2618,22.2618
82.6140,-82.6140
50.1522,-50.1522
-48.7844,48.7844
87.2234,-87.2234
-15.4645,15.4645
-93.6524,93.6524
-73.3062,73.3062
-54.8884,54.8884
48.4283,-48.4283
-75.0919,75.0919
4.3430,-4.3430
-93.6205,93.6205
62.9961,-62.9961
60.8895,-60.8895
54.5159,-54.5159
6.9841,-6.9841
-11.5615,11.5615
-79.6750,79.6750
83.4134,-83.4134
-87.2857,87.2857
90.3767,-90.3767
98.3905,-98.3905
-28.2136,28.2136
53.6306,-53.6306
66.6570,-66.6570
-79.3906,79.3906
49.0039,-49.0039
-30.0105,30.0105
-98.4805,98.4805
9.5527,-9.5527
-20.4630,20.4630
-85.2881,85.2881
30.0844,-30.0844
4.3720,-4.3720
37.1381,-37.1381
51.4035,-51.4035
-21.3443,21.3443
-86.4217,86.4217
-72.0429,72.0429
-94.7774,94.7774
-28.7518,28.7518
-60.5999,60.5999
69.7414,-69.7414
22.5542,-22.5542
-73.4929,73.4929
-51.4229,51.4229
-87.2080,87.2080
-67.6049,67.6049
-52.7139,52.7139
66.8345,-66.8345
45.0445,-45.0445
32.0096,-32.0096
76.2290,-76.2290
34.7529,-34.7529
-85.0010,85.0010
69.2973,-69.2973
79.9569,-79.9569
-52.0347,52.0347
-57.8378,57.8378
31.6706,-31.6706
32.6406,-32.6406
86.3106,-86.3106
-13.0797,13.0797
31.2419,-31.2419
40.6392,-40.6392
44.6888,-44.6888
46.1777,-46.1777
-50.5608,50.5608
-93.3329,93.3329
18.7329,-18.7329
72.6550,-72.6550
-54.9096,54.9096
24.2799,-24.2799
-57.5638,57.5638
7.4862,-7.4862
18.6099,-18.6099
2.0745,-2.0745
82.7850,-82.7850
-93.7100,93.7100
-87.0723,87.0723
-1.5807,1.5807
5.5776,-5.5776
37.8680,-37.8680
40.1726,-40.1726
-47.6379,47.6379
-37.3795,37.3795
-48.5941,48.5941
68.7107,-68.7107
23.3620,-23.3620
-88.9185,88.9185
-0.6573,0.6573
-97.2712,97.2712
-27.2029,27.2029
67.0017,-67.0017
24.1653,-24.1653
-94.1477,94.1477
42.3272,-42.3272
-47.7956,47.7956
31.7671,-31.7671
59.2215,-59.2215
-24.6918,24.6918
57.3808,-57.3808
51.6213,-51.6213
17.3203,-17.3203
50.6372,-50.6372
-90.5146,90.5146
-10.3979,10.3979
41.4026,-41.4026
52.2439,-52.2439
-62.6051,62.6051
-34.9150,34.9150
-23.6815,23.6815
-21.2750,21.2750
24.7178,-24.7178
3.8134,-3.8134
-66.8305,66.8305
-94.8403,94.8403
-16.7413,16.7413
-49.1540,49.1540
7.8688,-7.8688
-22.9000,22.9000
-9.3911,9.3911
89.8751,-89.8751
-88.1125,88.1125
62.1840,-62.1840
23.5471,-23.5471
69.8604,-69.8604
57.2510,-57.2510
-25.2109,25.2109
-82.2245,82.2245
-69.3983,69.3983
-94.5081,94.5081
11.9652,-11.9652
-41.8710,41.8710
24.4401,-24.4401
-7.3337,7.3337
40.1829,-40.1829
-11.9348,11.9348
68.1725,-68.1725
-66.9359,66.9359
86.5522,-86.5522
16.2545,-16.2545
61.7495,-61.7495
19.3375,-19.3375
39.5002,-39.5002
-12.4960,12.4960
42.3370,-42.3370
88.1249,-88.1249
19.6046,-19.6046
-86.6599,86.6599
-77.2947,77.2947
-55.5615,55.5615
-65.1499,65.1499
-17.5021,17.5021
38.1204,-38.1204
-14.2514,14.2514
1.5461,-1.5461
6.5701,-6.5701
-2.5763,2.5763
97.3907,-97.3907
21.6887,-21.6887
41.0969,-41.0969
-33.3479,33.3479
88.2709,-88.2709
43.8502,-43.8502
13.4681,-13.4681
-57.2732,57.2732
84.6568,-84.6568
79.6892,-79.6892
22.0646,-22.0646
31.7976,-31.7976
-94.6552,94.6552
60.0302,-60.0302
-73.5976,73.5976
-6.1784,6.1784
57.1847,-57.1847
-6.3295,6.3295
51.5315,-51.5315
-1.4444,1.4444
-49.2400,49.2400
-82.4376,82.4376
-80.4979,80.4979
-72.9692,72.9692
-8.5917,8.5917
61.6021,-61.6021
-33.4848,33.4848
81.2035,-81.2035
19.7744,-19.7744
49.7669,-49.7669
-27.3347,27.3347
48.8207,-48.8207
-34.0755,34.0755
-6.7786,6.7786
63.6184,-63.6184
9.5308,-9.5308
28.7071,-28.7071
66.8022,-66.8022
88.9944,-88.9944
-66.3541,66.3541
-77.9414,77.9414
47.4176,-47.4176
71.3329,-71.3329
-72.7852,72.7852
68.9320,-68.9320
16.4609,-16.4609
43.5565,-43.5565
-34.4978,34.4978
86.7743,-86.7743
-53.5607,53.5607
-78.9134,78.9134
-64.2967,64.2967
-71.9455,71.9455
94.2505,-94.2505
21.0253,-21.0253
95.1519,-95.1519
-94.5966,94.5966
43.8744,-43.8744
-15.6554,15.6554
-85.3203,85.3203
-98.3898,98.3898
-60.6141,60.6141
90.9008,-90.9008
-68.2554,68.2554
26.2862,-26.2862
82.3038,-82.3038
-15.9301,15.9301
-73.4531,73.4531
92.2107,-92.2107
22.4502,-22.4502
-30.0963,30.0963
-49.1369,49.1369
-75.9569,75.9569
-39.0220,39.0220
5.0636,-5.0636
-1.0451,1.0451
87.8421,-87.8421
-17.6498,17.6498
-92.1348,92.1348
20.0659,-20.0659
-20.2101,20.2101
61.0890,-61.0890
-84.7899,84.7899
-13.3209,13.3209
-38.7949,38.7949
-23.2705,23.2705
28.7696,-28.7696
14.6748,-14.6748
58.6180,-58.6180
-81.4862,81.4862
59.5707,-59.5707
84.6511,-84.6511
79.3308,-79.3308
39.9657,-39.9657
-94.6577,94.6577
-87.9092,87.9092
56.9695,-56.9695
-70.8762,70.8762
-74.0063,74.0063
-55.3319,55.3319
67.0934,-67.0934
46.8394,-46.8394
28.3917,-28.3917
-51.2362,51.2362
89.9780,-89.9780
50.5488,-50.5488
1.9131,-1.9131
-99.5085,99.5085
93.3041,-93.3041
-54.2243,54.2243
89.4267,-89.4267
-68.0493,68.0493
-38.7701,38.7701
-0.4370,0.4370
98.9653,-98.9653
-3.7691,3.7691
-56.0980,56.0980
15.4598,-15.4598
-28.2063,28.2063
22.3581,-22.3581
31.6183,-31.6183
81.6154,-81.6154
42.6287,-42.6287
-2.3320,2.3320
73.8752,-73.8752
-4.7364,4.7364
40.7515,-40.7515
58.1280,-58.1280
-41.5558,41.5558
-61.0485,61.0485
45.2314,-45.2314
55.2321,-55.2321
91.6641,-91.6641
-70.9019,70.9019
0.5999,-0.5999
41.2608,-41.2608
-64.6972,64.6972
83.2019,-83.2019
86.5817,-86.5817
67.3854,-67.3854
60.6342,-60.6342
29.4637,-29.4637
6.5322,-6.5322
54.2902,-54.2902
-91.2523,91.2523
47.2176,-47.2176
-19.9389,19.9389
62.6474,-62.6474
-96.8215,96.8215
76.5104,-76.5104
27.6820,-27.6820
-7.9760,7.9760
-54.9804,54.9804
5.4859,-5.4859
-7.2592,7.2592
-84.1019,84.1019
32.5886,-32.5886
-16.4307,16.4307
7.5136,-7.5136
-31.0210,31.0210
-0.9820,0.9820
-46.4227,46.4227
-85.4439,85.4439
81.5055,-81.5055
86.5792,-86.5792
-78.2319,78.2319
53.6824,-53.6824
-47.8665,47.8665
26.6997,-26.6997
-41.8316,41.8316
70.9089,-70.9089
44.3801,-44.3801
90.9024,-90.9024
-85.0739,85.0739
-80.1240,80.1240
92.3895,-92.3895
-50.2314,50.2314
-74.5505,74.5505
17.3756,-17.3756
40.4893,-40.4893
8.4914,-8.4914
81.6136,-81.6136
64.0290,-64.0290
50.7174,-50.7174
-43.7722,43.7722
37.0014,-37.0014
-24.4067,24.4067
64.8777,-64.8777
61.9828,-61.9828
-36.0634,36.0634
18.5687,-18.5687
29.7436,-29.7436
61.3049,-61.3049
-4.5502,4.5502
95.4664,-95.4664
62.2175,-62.2175
25.6483,-25.6483
-58.1926,58.1926
50.7789,-50.7789
-19.9386,19.9386
49.5993,-49.5993
-32.7521,32.7521
22.7489,-22.7489
-2.3320,2.3320
92.8903,-92.8903
67.0215,-67.0215
-39.2623,39.2623
36.3467,-36.3467
-54.1351,54.1351
-41.7512,41.7512
-60.9153,60.9153
21.6734,-21.6734
67.4356,-67.4356
59.6391,-59.6391
-66.4286,66.4286
41.8037,-41.8037
-42.1853,42.1853
58.1985,-58.1985
79.3513,-79.3513
-14.3437,14.3437
-36.5082,36.5082
50.8546,-50.8546
-52.9109,52.9109
84.2914,-84.2914
44.4788,-44.4788
73.5661,-73.5661
86.1965,-86.1965
94.6240,-94.6240
64.0412,-64.0412
-52.7774,52.7774
-28.0542,28.0542
77.3116,-77.3116
-39.8193,39.8193
8.2053,-8.2053
38.7549,-38.7549
56.1177,-56.1177
57.0196,-57.0196
-87.2904,87.2904
3.8731,-3.8731
-3.1897,3.1897
71.4881,-71.4881
43.1713,-43.1713
-85.0304,85.0304
75.4571,-75.4571
-24.3845,24.3845
62.9470,-62.9470
-78.5941,78.5941
-37.1009,37.1009
-18.8805,18.8805
-71.4589,71.4589
12.2075,-12.2075
-22.1433,22.1433
86.6937,-86.6937
56.9378,-56.9378
-70.0377,70.0377
-3.0833,3.0833
73.5764,-73.5764
61.2069,-61.2069
-46.9691,46.9691
-73.4826,73.4826
-74.2884,74.2884
-76.1840,76.1840
-76.0029,76.0029
-79.8747,79.8747
-83.0757,83.0757
58.7659,-58.7659
-83.8190,83.8190
21.3629,-21.3629
-60.6294,60.6294
78.4791,-78.4791
65.3260,-65.3260
-11.2716,11.2716
27.1293,-27.1293
-11.7043,11.7043
58.3217,-58.3217
50.1419,-50.1419
-8.2833,8.2833
-75.0408,75.0408
-68.7056,68.7056
-72.4902,72.4902
79.1686,-79.1686
-72.2008,72.2008
-97.2117,97.2117
-52.0680,52.0680
27.5422,-27.5422
95.0633,-95.0633
60.6383,-60.6383
63.9451,-63.9451
-31.3355,31.3355
-22.7364,22.7364
-12.6604,12.6604
85.3426,-85.3426
78.4629,-78.4629
-53.1869,53.1869
74.0961,-74.0961
-93.1333,93.1333
72.8138,-72.8138
-19.4913,19.4913
-3.4474,3.4474
-59.3316,59.3316
74.7551,-74.7551
60.9671,-60.9671
1.0547,-1.0547
90.8306,-90.8306
61.8643,-61.8643
-22.5621,22.5621
-21.1292,21.1292
17.3657,-17.3657
84.2111,-84.2111
24.3641,-24.3641
99.3350,-99.3350
90.3564,-90.3564
-67.2822,67.2822
83.5810,-83.5810
-49.1108,49.1108
-13.2369,13.2369
-45.4415,45.4415
27.3821,-27.3821
64.8120,-64.8120
-72.4396,72.4396
-96.0327,96.0327
-90.3326,90.3326
-24.7322,24.7322
20.2372,-20.2372
-13.5596,13.5596
87.4121,-87.4121
-36.4926,36.4926
-95.5147,95.5147
-86.7408,86.7408
43.2818,-43.2818
87.7115,-87.7115
-52.0660,52.0660
-90.7566,90.7566
-15.2026,15.2026
-68.5733,68.5733
-6.7089,6.7089
42.1414,-42.1414
64.0499,-64.0499
-68.6790,68.6790
93.5747,-93.5747
-62.9939,62.9939
57.6867,-57.6867
-75.4177,75.4177
34.3129,-34.3129
5.3279,-5.3279
97.0020,-97.0020
-93.9219,93.9219
-35.7171,35.7171
-62.0856,62.0856
35.6587,-35.6587
2.2087,-2.2087
-7.6662,7.6662
36.0426,-36.0426
-96.7701,96.7701
-81.3959,81.3959
37.7399,-37.7399
-25.6549,25.6549
6.8681,-6.8681
15.8261,-15.8261
-21.7089,21.7089
21.8729,-21.8729
-17.3177,17.3177
-57.0864,57.0864
-44.0491,44.0491
-26.9240,26.9240
91.2721,-91.2721
54.6830,-54.6830
58.1536,-58.1536
16.0433,-16.0433
-14.5280,14.5280
9.0283,-9.0283
52.1056,-52.1056
94.7131,-94.7131
-77.6777,77.6777
75.0741,-75.0741
54.3354,-54.3354
74.5314,-74.5314
-72.2940,72.2940
93.7737,-93.7737
87.8831,-87.8831
28.8686,-28.8686
-64.1633,64.1633
49.1317,-49.1317
-90.6881,90.6881
0.1184,-0.1184
-16.6653,16.6653
36.5785,-36.5785
99.4636,-99.4636
90.6513,-90.6513
-9.8242,9.8242
15.6338,-15.6338
-41.6623,41.6623
24.1486,-24.1486
-38.0668,38.0668
61.2066,-61.2066
18.5640,-18.5640
91.2363,-91.2363
83.4525,-83.4525
81.8818,-81.8818
82.7074,-82.7074
13.6052,-13.6052
-6.9341,6.9341
-71.9717,71.9717
-73.0090,73.0090
-38.5510,38.5510
-74.9795,74.9795
72.6935,-72.6935
89.0132,-89.0132
33.5625,-33.5625
44.9554,-44.9554
-69.0241,69.0241
3.3747,-3.3747
-40.7102,40.7102
-36.7155,36.7155
-86.3388,86.3388
45.6455,-45.6455
-95.4777,95.4777
30.3800,-30.3800
95.0989,-95.0989
-59.9894,59.9894
-62.4566,62.4566
-6.1540,6.1540
52.0085,-52.0085
90.8928,-90.8928
-23.9296,23.9296
-29.2273,29.2273
-38.9725,38.9725
52.8364,-52.8364
15.6981,-15.6981
-34.8142,34.8142
21.8878,-21.8878
-40.3325,40.3325
-10.7122,10.7122
-2.7117,2.7117
-46.6402,46.6402
52.0110,-52.0110
-9.7499,9.7499
-68.8606,68.8606
55.9331,-55.9331
-65.7603,65.7603
-76.6045,76.6045
-84.6069,84.6069
70.8923,-70.8923
-30.9846,30.9846
-51.7832,51.7832
-74.7307,74.7307
18.3816,-18.3816
-17.2578,17.2578
46.0688,-46.0688
-95.3784,95.3784
14.3171,-14.3171
-87.1151,87.1151
-30.8265,30.8265
-47.6302,47.6302
18.3688,-18.3688
49.4411,-49.4411
29.6088,-29.6088
46.7806,-46.7806
-29.2797,29.2797
33.6075,-33.6075
98.6274,-98.6274
-90.0083,90.0083
47.8057,-47.8057
37.8492,-37.8492
-95.2843,95.2843
-89.9463,89.9463
62.2269,-62.2269
8.0059,-8.0059
-59.1810,59.1810
46.8207,-46.8207
-31.9739,31.9739
38.3246,-38.3246
17.9628,-17.9628
93.9854,-93.9854
-99.6828,99.6828
72.4713,-72.4713
-43.9549,43.9549
-97.9479,97.9479
-86.7960,86.7960
72.7675,-72.7675
76.4082,-76.4082
61.2655,-61.2655
10.4369,-10.4369
-78.1443,78.1443
-70.2794,70.2794
36.9042,-36.9042
-61.5614,61.5614
75.4406,-75.4406
28.3050,-28.3050
-46.5975,46.5975
-19.5257,19.5257
70.6936,-70.6936
-97.8959,97.8959
52.6225,-52.6225
-67.0756,67.0756
-82.7976,82.7976
-35.7677,35.7677
50.7181,-50.7181
-53.4060,53.4060
-69.5947,69.5947
-29.2606,29.2606
-84.6280,84.6280
-63.1177,63.1177
48.9090,-48.9090
40.8639,-40.8639
71.9966,-71.9966
-55.9504,55.9504
-25.8445,25.8445
-53.6207,53.6207
-93.8785,93.8785
52.4501,-52.4501
-5.5734,5.5734
-7.5653,7.5653
24.4074,-24.4074
-96.3663,96.3663
-55.6721,55.6721
-80.7023,80.7023
-8.9663,8.9663
-56.0522,56.0522
21.2313,-21.2313
-42.1735,42.1735
58.2834,-58.2834
16.5573,-16.5573
-87.8252,87.8252
64.6355,-64.6355
62.0971,-62.0971
-30.9835,30.9835
48.8167,-48.8167
44.2491,-44.2491
7.1512,-7.1512
-71.5741,71.5741
78.1486,-78.1486
51.4656,-51.4656
-14.0299,14.0299
79.3938,-79.3938
81.5495,-81.5495
85.3285,-85.3285
31.5096,-31.5096
44.0908,-44.0908
-82.4747,82.4747
70.8176,-70.8176
90.9239,-90.9239
59.5960,-59.5960
91.9367,-91.9367
26.5717,-26.5717
-75.6460,75.6460
-68.5780,68.5780
-29.4277,29.4277
-53.8393,53.8393
40.8469,-40.8469
-81.0715,81.0715
91.5697,-91.5697
-48.9059,48.9059
-63.6055,63.6055
22.7250,-22.7250
4.2552,-4.2552
27.8074,-27.8074
-20.2846,20.2846
-39.6545,39.6545
-81.8009,81.8009
10.4708,-10.4708
13.0260,-13.0260
23.7383,-23.7383
-50.4922,50.4922
45.0809,-45.0809
23.7121,-23.7121
10.2364,-10.2364
99.8833,-99.8833
75.2122,-75.2122
88.8518,-88.8518
31.4990,-31.4990
95.9032,-95.9032
23.7718,-23.7718
2.5131,-2.5131
82.8286,-82.8286
-23.0336,23.0336
51.2318,-51.2318
45.4078,-45.4078
-60.3222,60.3222
39.3906,-39.3906
39.3133,-39.3133
-16.4559,16.4559
-60.8715,60.8715
38.5858,-38.5858
95.3510,-95.3510
-97.7355,97.7355
-28.4305,28.4305
96.4601,-96.4601
97.7593,-97.7593
28.8881,-28.8881
-12.3650,12.3650
-16.7163,16.7163
-34.5451,34.5451
-47.9161,47.9161
38.0129,-38.0129
73.6742,-73.6742
78.8399,-78.8399
88.9729,-88.9729
80.3406,-80.3406
-24.9707,24.9707
-24.8758,24.8758
97.2147,-97.2147
-16.8761,16.8761
-24.6837,24.6837
8.8566,-8.8566
-23.3479,23.3479
-58.2088,58.2088
0.8787,-0.8787
-94.8469,94.8469
21.8809,-21.8809
-95.1648,95.1648
-66.3094,66.3094
-11.8719,11.8719
-57.2531,57.2531
-8.6159,8.6159
54.5166,-54.5166
-45.9723,45.9723
-26.8578,26.8578
44.1186,-44.1186
-45.6548,45.6548
41.2291,-41.2291
-69.4981,69.4981
19.2896,-19.2896
3.9829,-3.9829
-21.5707,21.5707
97.3911,-97.3911
41.1936,-41.1936
92.7596,-92.7596
-77.3456,77.3456
-64.0102,64.0102
94.2239,-94.2239
62.8984,-62.8984
-4.4868,4.4868
-15.4301,15.4301
47.8104,-47.8104
13.8182,-13.8182
40.1448,-40.1448
62.5027,-62.5027
54.9066,-54.9066
3.2471,-3.2471
99.7312,-99.7312
-89.9437,89.9437
-85.6228,85.6228
48.2071,-48.2071
-57.2370,57.2370
-11.0411,11.0411
93.5079,-93.5079
-58.6007,58.6007
-13.1550,13.1550
36.3948,-36.3948
-48.3506,48.3506
69.8013,-69.8013
-53.0871,53.0871
46.2406,-46.2406
-33.2313,33.2313
-23.1937,23.1937
-51.1658,51.1658
-35.6539,35.6539
-33.6967,33.6967
56.3719,-56.3719
47.7563,-47.7563
62.7418,-62.7418
53.3861,-53.3861
38.1392,-38.1392
52.6035,-52.6035
75.6184,-75.6184
74.2732,-74.2732
29.6261,-29.6261
36.2110,-36.2110
-73.9686,73.9686
-62.1708,62.1708
-23.7418,23.7418
26.0035,-26.0035
96.7672,-96.7672
17.4650,-17.4650
29.6727,-29.6727
-93.9404,93.9404
76.1912,-76.1912
-9.4702,9.4702
-24.8548,24.8548
-21.5147,21.5147
-72.1625,72.1625
-33.7508,33.7508
2.7030,-2.7030
33.0752,-33.0752
50.9801,-50.9801
78.1053,-78.1053
60.4739,-60.4739
-22.7901,22.7901
74.2950,-74.2950
14.2214,-14.2214
95.3960,-95.3960
80.8447,-80.8447
-39.8707,39.8707
75.3365,-75.3365
4.1770,-4.1770
-10.2024,10.2024
33.7223,-33.7223
25.9300,-25.9300
-6.2570,6.2570
-56.1587,56.1587
97.5252,-97.5252
12.6147,-12.6147
57.8348,-57.8348
-85.0059,85.0059
23.5803,-23.5803
-59.1661,59.1661
96.8151,-96.8151
-18.5329,18.5329
-50.2776,50.2776
-99.2218,99.2218
89.1241,-89.1241
11.5155,-11.5155
-66.8750,66.8750
-50.9228,50.9228
62.4890,-62.4890
-23.4650,23.4650
-4.2597,4.2597
96.2046,-96.2046
71.2094,-71.2094
28.9044,-28.9044
1.8454,-1.8454
-46.4704,46.4704
2.2176,-2.2176
67.8116,-67.8116
24.7792,-24.7792
-19.8250,19.8250
-1.8227,1.8227
65.3278,-65.3278
-66.1123,66.1123
21.3622,-21.3622
-59.4157,59.4157
-1.2503,1.2503
60.9182,-60.9182
-71.5577,71.5577
-33.7394,33.7394
54.8097,-54.8097
42.2024,-42.2024
-95.3638,95.3638
99.4622,-99.4622
-54.3635,54.3635
-61.6604,61.6604
-3.6791,3.6791
80.3111,-80.3111
42.1510,-42.1510
95.3464,-95.3464
69.6140,-69.6140
60.2865,-60.2865
47.4304,-47.4304
51.1106,-51.1106
-72.3438,72.3438
53.2802,-53.2802
26.4297,-26.4297
-19.3931,19.3931
-88.8450,88.8450
81.5998,-81.5998
-29.3596,29.3596
84.8950,-84.8950
-20.7616,20.7616
-28.9231,28.9231
63.9006,-63.9006
-37.2392,37.2392
62.6119,-62.6119
71.8580,-71.8580
42.0263,-42.0263
97.5185,-97.5185
48.3612,-48.3612
-43.5742,43.5742
45.8946,-45.8946
72.6420,-72.6420
-5.2651,5.2651
-78.6892,78.6892
11.1273,-11.1273
-92.8684,92.8684
-48.8220,48.8220
85.5954,-85.5954
22.6166,-22.6166
-9.3766,9.3766
-34.8933,34.8933
16.3361,-16.3361
-81.8336,81.8336
84.7121,-84.7121
-21.4514,21.4514
61.3778,-61.3778
-28.1687,28.1687
81.2162,-81.2162
83.4702,-83.4702
6.9284,-6.9284
80.4082,-80.4082
64.1422,-64.1422
-87.3512,87.3512
-30.3931,30.3931
-95.9554,95.9554
-77.2822,77.2822
-43.3646,43.3646
89.9073,-89.9073
-97.6607,97.6607
-13.3318,13.3318
42.2511,-42.2511
-10.0445,10.0445
91.8770,-91.8770
72.5092,-72.5092
53.8228,-53.8228
-29.8934,29.8934
-91.1084,91.1084
43.0456,-43.0456
-11.3374,11.3374
65.3747,-65.3747
-44.0453,44.0453
83.9421,-83.9421
-1.6429,1.6429
80.3517,-80.3517
6.6119,-6.6119
35.3471,-35.3471
-68.1175,68.1175
89.9129,-89.9129
18.1200,-18.1200
70.7716,-70.7716
-56.6922,56.6922
50.3053,-50.3053
61.4832,-61.4832
4.4555,-4.4555
27.7734,-27.7734
-54.1452,54.1452
43.4806,-43.4806
1.8029,-1.8029
-27.9137,27.9137
-14.7013,14.7013
85.2359,-85.2359
23.4776,-23.4776
-84.7082,84.7082
6.3949,-6.3949
1.3417,-1.3417
-15.3629,15.3629
-18.4632,18.4632
63.2796,-63.2796
89.7756,-89.7756
69.9702,-69.9702
-30.6620,30.6620
39.6462,-39.6462
-48.9214,48.9214
36.0139,-36.0139
-23.9722,23.9722
-57.4661,57.4661
20.6109,-20.6109
57.2409,-57.2409
86.1595,-86.1595
-48.6166,48.6166
-68.2485,68.2485
-59.4871,59.4871
21.7534,-21.7534
63.7320,-63.7320
18.5177,-18.5177
91.0619,-91.0619
19.3475,-19.3475
-22.9621,22.9621
-21.1693,21.1693
-67.6493,67.6493
-54.3127,54.3127
-76.0779,76.0779
-77.7648,77.7648
19.0629,-19.0629
-53.5262,53.5262
88.7417,-88.7417
30.5245,-30.5245
-15.0460,15.0460
-40.0109,40.0109
36.0767,-36.0767
75.9140,-75.9140
-71.5283,71.5283
-33.6937,33.6937
47.6324,-47.6324
84.3508,-84.3508
-80.8290,80.8290
85.5495,-85.5495
-39.5818,39.5818
71.7647,-71.7647
65.9435,-65.9435
-34.4209,34.4209
66.2042,-66.2042
31.5129,-31.5129
-75.8609,75.8609
-59.4828,59.4828
-49.6341,49.6341
-96.7289,96.7289
-61.2397,61.2397
-59.5808,59.5808
96.9158,-96.9158
83.8316,-83.8316
23.5301,-23.5301
-18.8834,18.8834
-44.7113,44.7113
43.8564,-43.8564
-16.8249,16.8249
3.3938,-3.3938
11.0995,-11.0995
-82.9873,82.9873
-70.3895,70.3895
-42.4954,42.4954
53.6984,-53.6984
-44.3462,44.3462
22.0459,-22.0459
2.6971,-2.6971
-52.9757,52.9757
-92.8727,92.8727
-65.3504,65.3504
-47.8987,47.8987
-79.0059,79.0059
-51.4759,51.4759
-48.1407,48.1407
-5.4929,5.4929
38.8659,-38.8659
-81.2664,81.2664
-46.7545,46.7545
-99.8171,99.8171
-5.8515,5.8515
-17.6202,17.6202
24.2391,-24.2391
33.5031,-33.5031
20.6332,-20.6332
7.7690,-7.7690
34.7725,-34.7725
-8.9349,8.9349
70.1050,-70.1050
86.8543,-86.8543
-83.7051,83.7051
20.5847,-20.5847
93.2149,-93.2149
-71.1461,71.1461
-80.5088,80.5088
75.5887,-75.5887
90.7556,-90.7556
-15.9672,15.9672
11.6441,-11.6441
13.2057,-13.2057
77.2421,-77.2421
88.9929,-88.9929
7.3111,-7.3111
49.8562,-49.8562
32.4325,-32.4325
-34.7731,34.7731
-35.5442,35.5442
-22.8824,22.8824
-11.4610,11.4610
75.4146,-75.4146
2.5189,-2.5189
74.6630,-74.6630
7.6574,-7.6574
51.5856,-51.5856
82.1853,-82.1853
89.6140,-89.6140
-16.2020,16.2020
-45.7705,45.7705
-2.0431,2.0431
-71.9727,71.9727
-69.7412,69.7412
7.1237,-7.1237
63.6241,-63.6241
22.0816,-22.0816
29.0132,-29.0132
6.9544,-6.9544
36.1096,-36.1096
76.3052,-76.3052
83.8045,-83.8045
75.3999,-75.3999
79.9526,-79.9526
8.8505,-8.8505
-0.2145,0.2145
-12.8310,12.8310
-3.8492,3.8492
4.3163,-4.3163
-26.4111,26.4111
85.7051,-85.7051
16.5083,-16.5083
12.9037,-12.9037
-1.7851,1.7851
53.1584,-53.1584
30.7350,-30.7350
87.0385,-87.0385
-26.1086,26.1086
7.5957,-7.5957
12.6813,-12.6813
-75.0762,75.0762
-75.8847,75.8847
91.7655,-91.7655
-4.4893,4.4893
-18.6927,18.6927
7.4907,-7.4907
-48.3962,48.3962
65.3263,-65.3263
-26.3663,26.3663
-5.4287,5.4287
-99.3548,99.3548
-72.5830,72.5830
-44.8150,44.8150
-34.5047,34.5047
25.9764,-25.9764
18.6964,-18.6964
-76.0084,76.0084
-88.3793,88.3793
-11.6682,11.6682
-55.1411,55.1411
12.7969,-12.7969
81.4191,-81.4191
-51.2134,51.2134
-58.3358,58.3358
-81.7527,81.7527
23.9150,-23.9150
39.5690,-39.5690
-76.3819,76.3819
-11.8054,11.8054
87.6411,-87.6411
-54.5723,54.5723
83.1850,-83.1850
-89.2593,89.2593
-17.1310,17.1310
42.7009,-42.7009
-60.8156,60.8156
24.0986,-24.0986
23.5520,-23.5520
-3.5298,3.5298
-74.9618,74.9618
-74.3738,74.3738
-97.0670,97.0670
-47.2098,47.2098
-8.9437,8.9437
-3.8203,3.8203
85.4809,-85.4809
-66.4417,66.4417
-22.1040,22.1040
27.0500,-27.0500
68.2438,-68.2438
-72.7966,72.7966
-61.0208,61.0208
-75.4612,75.4612
-80.9351,80.9351
-26.1774,26.1774
98.4229,-98.4229
-22.0935,22.0935
85.9511,-85.9511
-15.7026,15.7026
-86.8346,86.8346
58.2034,-58.2034
-7.4589,7.4589
32.4313,-32.4313
-19.3980,19.3980
-90.2902,90.2902
-24.8028,24.8028
-7.8746,7.8746
-93.8679,93.8679
21.3594,-21.3594
-44.1507,44.1507
-7.9428,7.9428
-70.5600,70.5600
71.8560,-71.8560
-67.2377,67.2377
78.5232,-78.5232
-48.9972,48.9972
12.5451,-12.5451
8.2254,-8.2254
50.1278,-50.1278
-61.2729,61.2729
92.4386,-92.4386
-75.2988,75.2988
-60.3080,60.3080
42.7468,-42.7468
-30.4779,30.4779
79.2163,-79.2163
-43.6833,43.6833
99.9871,-99.9871
86.7359,-86.7359
42.6942,-42.6942
-91.4329,91.4329
-42.1966,42.1966
-71.6236,71.6236
17.6806,-17.6806
-96.3108,96.3108
60.2625,-60.2625
-90.0400,90.0400
4.5908,-4.5908
11.2363,-11.2363
64.7282,-64.7282
67.4360,-67.4360
-29.6592,29.6592
-70.4665,70.4665
25.4870,-25.4870
-28.9671,28.9671
-26.2163,26.2163
-74.7258,74.7258
-75.7998,75.7998
-90.6369,90.6369
54.9673,-54.9673
13.8747,-13.8747
66.7962,-66.7962
41.8434,-41.8434
-51.5861,51.5861
74.7131,-74.7131
28.8086,-28.8086
-57.1783,57.1783
-78.2159,78.2159
16.1675,-16.1675
41.4905,-41.4905
36.3200,-36.3200
28.4312,-28.4312
49.6232,-49.6232
87.5040,-87.5040
-90.6976,90.6976
52.4678,-52.4678
52.7577,-52.7577
89.1864,-89.1864
34.9190,-34.9190
11.3355,-11.3355
55.0261,-55.0261
73.8018,-73.8018
57.5742,-57.5742
-58.3950,58.3950
67.2529,-67.2529
9.4756,-9.4756
83.2038,-83.2038
69.5804,-69.5804
-32.9989,32.9989
40.7224,-40.7224
-86.2558,86.2558
-16.3625,16.3625
95.1590,-95.1590
86.1142,-86.1142
-11.7234,11.7234
-75.6560,75.6560
61.0235,-61.0235
-19.5761,19.5761
60.4897,-60.4897
13.0527,-13.0527
-3.2299,3.2299
51.9889,-51.9889
37.5293,-37.5293
-59.7372,59.7372
-62.5859,62.5859
-24.7345,24.7345
-71.0271,71.0271
-9.7472,9.7472
-25.4352,25.4352
73.2437,-73.2437
-72.6369,72.6369
28.5712,-28.5712
87.1076,-87.1076
-3.9573,3.9573
83.9103,-83.9103
-13.1012,13.1012
-4.1325,4.1325
-58.4561,58.4561
-57.7871,57.7871
-85.6892,85.6892
63.7174,-63.7174
-7.3997,7.3997
-44.2775,44.2775
-97.2076,97.2076
-54.5685,54.5685
79.7735,-79.7735
-12.8395,12.8395
-29.6372,29.6372
-4.0671,4.0671
-93.7591,93.7591
-16.5084,16.5084
84.3687,-84.3687
50.3328,-50.3328
66.5889,-66.5889
-44.6397,44.6397
21.5304,-21.5304
-25.6861,25.6861
31.2768,-31.2768
5.6435,-5.6435
-51.1491,51.1491
60.2396,-60.2396
13.8408,-13.8408
-91.8042,91.8042
93.6320,-93.6320
23.2056,-23.2056
7.7825,-7.7825
70.0337,-70.0337
-71.6306,71.6306
64.9964,-64.9964
-87.5410,87.5410
-7.1129,7.1129
-15.7037,15.7037
17.2249,-17.2249
21.5705,-21.5705
36.6277,-36.6277
89.1435,-89.1435
87.2333,-87.2333
-21.2063,21.2063
-92.5285,92.5285
0.5760,-0.5760
-92.6399,92.6399
-60.9674,60.9674
-78.3875,78.3875
52.7534,-52.7534
15.0395,-15.0395
-78.6392,78.6392
5.9370,-5.9370
84.0770,-84.0770
-75.3361,75.3361
37.4748,-37.4748
84.2123,-84.2123
18.8241,-18.8241
-38.8967,38.8967
-40.6643,40.6643
-68.9860,68.9860
36.7688,-36.7688
-65.4492,65.4492
40.0481,-40.0481
21.5221,-21.5221
-43.5643,43.5643
-82.2183,82.2183
35.8372,-35.8372
73.7547,-73.7547
-8.4688,8.4688
91.2508,-91.2508
86.6752,-86.6752
-24.1569,24.1569
-37.9649,37.9649
91.9305,-91.9305
-76.9479,76.9479
89.9999,-89.9999
14.5924,-14.5924
53.9338,-53.9338
-47.5589,47.5589
99.7170,-99.7170
30.9956,-30.9956
-96.0628,96.0628
-84.5824,84.5824
-23.8981,23.8981
-3.7924,3.7924
-43.9010,43.9010
87.0815,-87.0815
32.1594,-32.1594
14.7665,-14.7665
-91.9297,91.9297
-70.7688,70.7688
37.2532,-37.2532
57.0612,-57.0612
-40.4374,40.4374
-53.3852,53.3852
-1.2901,1.2901
-59.5970,59.5970
81.5042,-81.5042
-59.7935,59.7935
43.4646,-43.4646
57.3213,-57.3213
31.9673,-31.9673
-37.5952,37.5952
-19.0862,19.0862
51.0122,-51.0122
-60.1106,60.1106
86.5406,-86.5406
-27.5776,27.5776
-34.5628,34.5628
32.0214,-32.0214
-95.0139,95.0139
60.3493,-60.3493
84.7579,-84.7579
-29.1781,29.1781
-66.7666,66.7666
53.4582,-53.4582
46.5469,-46.5469
-62.3288,62.3288
52.4481,-52.4481
-95.9772,95.9772
-46.6311,46.6311
61.6012,-61.6012
83.1765,-83.1765
-60.6565,60.6565
92.5143,-92.5143
84.9298,-84.9298
98.4452,-98.4452
-93.9545,93.9545
-47.3106,47.3106
-49.9956,49.9956
76.7138,-76.7138
-8.7730,8.7730
70.1195,-70.1195
53.1134,-53.1134
-53.8948,53.8948
-29.0823,29.0823
37.4105,-37.4105
81.7158,-81.7158
35.2175,-35.2175
-0.6805,0.6805
-2.0503,2.0503
97.1289,-97.1289
-72.0829,72.0829
92.9557,-92.9557
-93.4127,93.4127
32.1713,-32.1713
64.6310,-64.6310
-84.3343,84.3343
54.7660,-54.7660
-1.1345,1.1345
-22.9595,22.9595
-82.6749,82.6749
-32.8336,32.8336
22.4717,-22.4717
-46.2952,46.2952
9.1558,-9.1558
-49.3381,49.3381
74.6481,-74.6481
-25.0978,25.0978
-80.6916,80.6916
97.9962,-97.9962
78.9992,-78.9992
70.5615,-70.5615
-89.1855,89.1855
-15.0822,15.0822
3.6641,-3.6641
-54.9295,54.9295
47.4990,-47.4990
-39.2277,39.2277
-63.1815,63.1815
19.7568,-19.7568
87.2186,-87.2186
85.0835,-85.0835
-45.1271,45.1271
-99.6645,99.6645
-11.3129,11.3129
-36.5326,36.5326
93.2621,-93.2621
-92.9196,92.9196
94.4064,-94.4064
-49.9098,49.9098
19.7747,-19.7747
72.6716,-72.6716
27.9860,-27.9860
-59.3410,59.3410
-98.0750,98.0750
27.3000,-27.3000
-44.5655,44.5655
-66.7637,66.7637
-46.6357,46.6357
73.0307,-73.0307
24.3211,-24.3211
1.4577,-1.4577
-99.5243,99.5243
-10.0311,10.0311
-69.7566,69.7566
98.8698,-98.8698
32.7794,-32.7794
-6.5020,6.5020
-5.8313,5.8313
27.2878,-27.2878
-99.8573,99.8573
-61.4705,61.4705
-67.0223,67.0223
52.6146,-52.6146
19.8667,-19.8667
15.5537,-15.5537
68.2655,-68.2655
-34.6887,34.6887
-95.2319,95.2319
89.9191,-89.9191
75.8871,-75.8871
27.9863,-27.9863
62.2664,-62.2664
99.9769,-99.9769
47.5772,-47.5772
40.0062,-40.0062
45.2815,-45.2815
94.9004,-94.9004
71.3208,-71.3208
-53.4970,53.4970
-14.0305,14.0305
-2.2110,2.2110
-20.1726,20.1726
42.3839,-42.3839
81.8359,-81.8359
85.2476,-85.2476
-83.2121,83.2121
-79.1287,79.1287
-15.4050,15.4050
12.9196,-12.9196
65.7968,-65.7968
88.2869,-88.2869
-56.0822,56.0822
-92.8030,92.8030
43.4062,-43.4062
54.5684,-54.5684
30.5717,-30.5717
-45.1984,45.1984
-64.6547,64.6547
-2.9885,2.9885
67.3986,-67.3986
-94.7498,94.7498
38.2924,-38.2924
-18.9853,18.9853
-98.8875,98.8875
-12.6315,12.6315
-47.7846,47.7846
22.3631,-22.3631
-60.6821,60.6821
-26.0109,26.0109
12.5623,-12.5623
47.3703,-47.3703
-67.6528,67.6528
-35.3619,35.3619
-99.9541,99.9541
-9.2631,9.2631
71.3043,-71.3043
35.9684,-35.9684
16.9815,-16.9815
64.4901,-64.4901
52.4846,-52.4846
39.2852,-39.2852
55.4824,-55.4824
55.7919,-55.7919
66.7366,-66.7366
-78.6179,78.6179
19.2139,-19.2139
87.4842,-87.4842
90.2417,-90.2417
-82.3578,82.3578
83.8980,-83.8980
-36.1629,36.1629
12.0067,-12.0067
-59.5212,59.5212
16.7273,-16.7273
58.6667,-58.6667
-80.2614,80.2614
-75.5276,75.5276
38.1453,-38.1453
-10.6176,10.6176
-51.1615,51.1615
19.4621,-19.4621
-12.9153,12.9153
-27.6247,27.6247
-1.7250,1.7250
-3.4948,3.4948
-7.8799,7.8799
-70.7339,70.7339
-55.4873,55.4873
44.8477,-44.8477
62.1238,-62.1238
37.1275,-37.1275
20.8202,-20.8202
-91.9118,91.9118
81.9792,-81.9792
-82.8831,82.8831
7.8155,-7.8155
-9.7624,9.7624
-66.9831,66.9831
-49.3023,49.3023
-79.6718,79.6718
-84.5717,84.5717
89.9916,-89.9916
-83.6709,83.6709
20.0054,-20.0054
27.4294,-27.4294
44.9253,-44.9253
-30.0972,30.0972
-74.9809,74.9809
32.8204,-32.8204
-11.3749,11.3749
60.6937,-60.6937
19.5367,-19.5367
-74.3778,74.3778
76.7958,-76.7958
-96.5601,96.5601
-60.3620,60.3620
29.5988,-29.5988
81.7364,-81.7364
51.3064,-51.3064
-35.8100,35.8100
-85.5317,85.5317
-95.3790,95.3790
-26.8477,26.8477
14.0480,-14.0480
-87.6209,87.6209
14.2286,-14.2286
51.8866,-51.8866
24.3362,-24.3362
-62.3965,62.3965
-60.5847,60.5847
98.8463,-98.8463
-31.8057,31.8057
-99.1366,99.1366
-56.3597,56.3597
-26.2930,26.2930
21.0428,-21.0428
-79.3692,79.3692
-79.1913,79.1913
8.3247,-8.3247
-52.2142,52.2142
-3.0497,3.0497
96.1227,-96.1227
-34.2265,34.2265
47.0708,-47.0708
-65.3028,65.3028
-72.4839,72.4839
26.4667,-26.4667
17.4184,-17.4184
-16.3823,16.3823
-55.9057,55.9057
17.8399,-17.8399
69.7128,-69.7128
82.2852,-82.2852
-32.1188,32.1188
-84.5238,84.5238
-62.9976,62.9976
62.8124,-62.8124
10.4710,-10.4710
-65.6401,65.6401
93.6732,-93.6732
5.5597,-5.5597
-91.1710,91.1710
97.8601,-97.8601
82.0630,-82.0630
-20.6663,20.6663
84.6864,-84.6864
-56.2936,56.2936
13.7515,-13.7515
-95.2768,95.2768
34.6630,-34.6630
28.9059,-28.9059
-10.1705,10.1705
-70.4706,70.4706
5.8531,-5.8531
77.1309,-77.1309
14.2857,-14.2857
-81.2834,81.2834
95.7614,-95.7614
-92.3134,92.3134
-54.7870,54.7870
-63.5309,63.5309
58.2317,-58.2317
72.4723,-72.4723
-70.4333,70.4333
-11.3779,11.3779
-13.0444,13.0444
99.6870,-99.6870
1.6142,-1.6142
-80.3331,80.3331
18.1403,-18.1403
-83.8290,83.8290
82.3107,-82.3107
17.1561,-17.1561
58.6719,-58.6719
27.0091,-27.0091
16.9728,-16.9728
10.1119,-10.1119
-33.6999,33.6999
77.1645,-77.1645
62.9603,-62.9603
77.0390,-77.0390
70.9655,-70.9655
24.7212,-24.7212
-2.5006,2.5006
-4.7590,4.7590
-96.8359,96.8359
36.7926,-36.7926
-78.9869,78.9869
0.3114,-0.3114
23.4255,-23.4255
17.9190,-17.9190
75.6938,-75.6938
42.8308,-42.8308
87.8421,-87.8421
32.9880,-32.9880
-34.8316,34.8316
87.6541,-87.6541
12.7575,-12.7575
-34.7177,34.7177
99.1073,-99.1073
92.5493,-92.5493
-74.4781,74.4781
36.8870,-36.8870
86.6591,-86.6591
48.8251,-48.8251
-95.2288,95.2288
-2.5982,2.5982
77.3143,-77.3143
-44.5406,44.5406
63.7473,-63.7473
54.7823,-54.7823
-5.2278,5.2278
38.4079,-38.4079
58.9454,-58.9454
-0.0674,0.0674
-51.1039,51.1039
49.5556,-49.5556
-44.9740,44.9740
32.2179,-32.2179
34.1566,-34.1566
97.0137,-97.0137
-13.7703,13.7703
30.3743,-30.3743
-11.8621,11.8621
-54.6599,54.6599
-96.3080,96.3080
73.3886,-73.3886
-6.3198,6.3198
-74.7708,74.7708
-18.8907,18.8907
-57.8951,57.8951
64.4784,-64.4784
66.6788,-66.6788
-98.8495,98.8495
27.8254,-27.8254
26.5233,-26.5233
95.0899,-95.0899
-87.4108,87.4108
-94.2003,94.2003
-52.8901,52.8901
39.1476,-39.1476
-97.4482,97.4482
-52.0083,52.0083
5.7019,-5.7019
60.9506,-60.9506
-57.8837,57.8837
-79.2437,79.2437
73.6581,-73.6581
-7.2832,7.2832
17.2704,-17.2704
-35.7562,35.7562
68.9694,-68.9694
70.4394,-70.4394
65.5044,-65.5044
75.9947,-75.9947
66.9591,-66.9591
54.5713,-54.5713
67.3183,-67.3183
51.2483,-51.2483
-27.9314,27.9314
-5.2662,5.2662
-95.8004,95.8004
-31.8818,31.8818
28.8491,-28.8491
67.0950,-67.0950
-41.9801,41.9801
-68.5555,68.5555
-88.0252,88.0252
47.9355,-47.9355
-38.6124,38.6124
-56.5396,56.5396
-93.7966,93.7966
15.7633,-15.7633
-1.1060,1.1060
-46.2155,46.2155
60.3216,-60.3216
72.0653,-72.0653
47.1312,-47.1312
-19.5618,19.5618
-49.7260,49.7260
-69.0566,69.0566
62.0605,-62.0605
9.8357,-9.8357
-96.4113,96.4113
-29.7229,29.7229
50.5466,-50.5466
29.6641,-29.6641
90.0074,-90.0074
12.0192,-12.0192
-51.7644,51.7644
83.3643,-83.3643
14.8586,-14.8586
20.3297,-20.3297
-2.4540,2.4540
-88.4983,88.4983
97.4894,-97.4894
-60.9813,60.9813
-62.5436,62.5436
-73.2046,73.2046
-0.2670,0.2670
-18.9202,18.9202
-11.5865,11.5865
-60.2846,60.2846
65.5226,-65.5226
81.8003,-81.8003
-18.6023,18.6023
-97.2070,97.2070
10.0700,-10.0700
-37.4471,37.4471
-13.7489,13.7489
-37.2939,37.2939
55.2640,-55.2640
28.1001,-28.1001
-67.0972,67.0972
98.2185,-98.2185
-17.4828,17.4828
16.2889,-16.2889
-90.8211,90.8211
-95.6977,95.6977
-42.4396,42.4396
99.8947,-99.8947
-57.4854,57.4854
-99.9804,99.9804
73.6005,-73.6005
-58.5566,58.5566
62.3732,-62.3732
-42.4682,42.4682
20.7832,-20.7832
78.1239,-78.1239
-32.4084,32.4084
-19.9813,19.9813
-50.4256,50.4256
-56.8281,56.8281
66.4703,-66.4703
99.9896,-99.9896
21.4665,-21.4665
-19.6053,19.6053
77.8929,-77.8929
-77.5051,77.5051
-51.2521,51.2521
-32.3722,32.3722
55.0958,-55.0958
47.9709,-47.9709
10.0118,-10.0118
76.7263,-76.7263
-74.0885,74.0885
-87.3235,87.3235
87.6753,-87.6753
-36.7880,36.7880
70.8033,-70.8033
45.7354,-45.7354
23.4792,-23.4792
48.1297,-48.1297
-14.2408,14.2408
-45.8378,45.8378
-25.2544,25.2544
85.4800,-85.4800
44.8881,-44.8881
-45.9101,45.9101
-97.0919,97.0919
-53.2993,53.2993
-98.8753,98.8753
-39.8107,39.8107
12.7220,-12.7220
-34.3836,34.3836
-26.4903,26.4903
-90.7454,90.7454
69.8172,-69.8172
85.3814,-85.3814
-14.3606,14.3606
33.5552,-33.5552
41.3603,-41.3603
-7.3084,7.3084
22.6620,-22.6620
-5.0579,5.0579
-90.3357,90.3357
-89.2733,89.2733
-47.6985,47.6985
71.5561,-71.5561
-9.1346,9.1346
-57.2534,57.2534
-79.3698,79.3698
-94.9723,94.9723
-81.3797,81.3797
-72.0832,72.0832
74.8847,-74.8847
-9.6739,9.6739
41.6122,-41.6122
99.9243,-99.9243
88.3656,-88.3656
99.0508,-99.0508
61.0984,-61.0984
15.3992,-15.3992
3.6278,-3.6278
-17.2372,17.2372
-3.4394,3.4394
-99.0809,99.0809
-47.8762,47.8762
-84.1268,84.1268
87.3903,-87.3903
9.4461,-9.4461
-59.5853,59.5853
50.6534,-50.6534
73.3515,-73.3515
-21.6425,21.6425
-2.4331,2.4331
83.9396,-83.9396
-47.3615,47.3615
42.7123,-42.7123
-44.3382,44.3382
-42.2685,42.2685
-10.3450,10.3450
-80.5400,80.5400
89.1709,-89.1709
73.4252,-73.4252
44.9063,-44.9063
-86.4376,86.4376
-42.0586,42.0586
57.7910,-57.7910
64.4000,-64.4000
75.0129,-75.0129
-50.4955,50.4955
-55.1303,55.1303
-18.3703,18.3703
20.5206,-20.5206
28.1064,-28.1064
58.5004,-58.5004
-77.6749,77.6749
-13.5853,13.5853
-53.0027,53.0027
19.1313,-19.1313
-23.2612,23.2612
66.6414,-66.6414
68.1659,-68.1659
-26.8763,26.8763
47.7761,-47.7761
-88.7933,88.7933
88.3380,-88.3380
-18.6093,18.6093
-42.9186,42.9186
38.3724,-38.3724
-24.4615,24.4615
-87.0732,87.0732
61.8427,-61.8427
22.4264,-22.4264
54.8274,-54.8274
80.5098,-80.5098
77.7322,-77.7322
64.4119,-64.4119
78.4246,-78.4246
-12.6835,12.6835
72.0362,-72.0362
-7.6935,7.6935
-6.3425,6.3425
20.9409,-20.9409
-49.2629,49.2629
95.7062,-95.7062
-20.8371,20.8371
72.8212,-72.8212
-51.5632,51.5632
-78.1271,78.1271
1.6039,-1.6039
68.1476,-68.1476
50.4008,-50.4008
95.8853,-95.8853
12.9697,-12.9697
69.5127,-69.5127
-85.3619,85.3619
24.7749,-24.7749
91.9262,-91.9262
-48.2897,48.2897
-94.9172,94.9172
83.7390,-83.7390
-90.2397,90.2397
70.3639,-70.3639
-72.0922,72.0922
21.6300,-21.6300
-0.5621,0.5621
-84.2977,84.2977
92.6910,-92.6910
-79.1998,79.1998
-40.3909,40.3909
55.1183,-55.1183
-63.6420,63.6420
-99.1373,99.1373
-53.3172,53.3172
-77.4039,77.4039
30.4083,-30.4083
-70.6530,70.6530
45.6873,-45.6873
21.2063,-21.2063
68.1053,-68.1053
96.5218,-96.5218
-94.9598,94.9598
-84.5563,84.5563
85.9666,-85.9666
44.1845,-44.1845
94.3142,-94.3142
-7.6020,7.6020
-0.5548,0.5548
-38.9750,38.9750
7.1159,-7.1159
-36.9387,36.9387
-47.2238,47.2238
-37.5629,37.5629
72.0425,-72.0425
-22.4463,22.4463
-66.8908,66.8908
-24.2317,24.2317
-48.2893,48.2893
10.0371,-10.0371
40.4895,-40.4895
-87.7657,87.7657
-13.2523,13.2523
25.1989,-25.1989
-75.8254,75.8254
-85.7034,85.7034
-18.9290,18.9290
26.4357,-26.4357
-4.4249,4.4249
-91.9843,91.9843
91.7568,-91.7568
-68.7517,68.7517
-41.5113,41.5113
-53.2773,53.2773
24.6257,-24.6257
-20.5439,20.5439
-55.2414,55.2414
67.6608,-67.6608
37.6374,-37.6374
-46.9460,46.9460
-73.7798,73.7798
63.5985,-63.5985
2.6843,-2.6843
76.5678,-76.5678
-30.6379,30.6379
14.4807,-14.4807
15.1764,-15.1764
-56.5541,56.5541
70.4122,-70.4122
-89.0598,89.0598
35.7051,-35.7051
-81.0364,81.0364
86.0579,-86.0579
-20.6399,20.6399
-64.9524,64.9524
41.6111,-41.6111
-25.8650,25.8650
0.6668,-0.6668
-35.8286,35.8286
12.2391,-12.2391
47.1317,-47.1317
-75.8287,75.8287
-47.6929,47.6929
33.7294,-33.7294
95.4240,-95.4240
71.7763,-71.7763
-47.6606,47.6606
89.5144,-89.5144
-31.8978,31.8978
-97.6751,97.6751
-40.6360,40.6360
-48.7061,48.7061
-2.9755,2.9755
-75.6109,75.6109
-19.7711,19.7711
-97.7247,97.7247
59.8109,-59.8109
-95.0835,95.0835
-39.4986,39.4986
-26.1520,26.1520
15.3552,-15.3552
-81.1203,81.1203
62.6100,-62.6100
-57.3846,57.3846
52.5032,-52.5032
73.3846,-73.3846
-1.8576,1.8576
-44.8655,44.8655
-37.2148,37.2148
-68.0594,68.0594
35.4659,-35.4659
-38.3857,38.3857
-89.6222,89.6222
-3.1113,3.1113
-95.8233,95.8233
-9.8944,9.8944
72.5705,-72.5705
-3.5773,3.5773
-42.0679,42.0679
30.7211,-30.7211
-94.8297,94.8297
-4.4457,4.4457
0.9236,-0.9236
3.6698,-3.6698
54.6513,-54.6513
59.1615,-59.1615
-60.7750,60.7750
-24.9751,24.9751
93.4487,-93.4487
31.9873,-31.9873
-29.0875,29.0875
-6.2906,6.2906
26.4217,-26.4217
-73.6254,73.6254
98.6361,-98.6361
13.8306,-13.8306
64.0728,-64.0728
-43.0399,43.0399
15.6114,-15.6114
45.8506,-45.8506
76.3080,-76.3080
-53.7726,53.7726
30.0805,-30.0805
51.8166,-51.8166
-45.2856,45.2856
76.0812,-76.0812
7.8308,-7.8308
81.8623,-81.8623
-99.2694,99.2694
20.0921,-20.0921
28.4726,-28.4726
-71.1811,71.1811
13.2911,-13.2911
21.1723,-21.1723
70.7430,-70.7430
58.4806,-58.4806
-78.8310,78.8310
74.2149,-74.2149
92.7784,-92.7784
49.0391,-49.0391
80.7036,-80.7036
86.4482,-86.4482
-95.0057,95.0057
-93.1897,93.1897
-33.7294,33.7294
50.3497,-50.3497
-11.5470,11.5470
35.7991,-35.7991
38.0355,-38.0355
62.8749,-62.8749
-11.1914,11.1914
-18.0294,18.0294
-59.1966,59.1966
-85.0710,85.0710
-20.7493,20.7493
-75.8149,75.8149
85.0547,-85.0547
88.9478,-88.9478
48.0383,-48.0383
45.9534,-45.9534
-33.8134,33.8134
82.9855,-82.9855
94.3376,-94.3376
-81.6168,81.6168
-92.9161,92.9161
26.8627,-26.8627
83.8324,-83.8324
-80.7562,80.7562
-28.3013,28.3013
33.9380,-33.9380
13.8147,-13.8147
-11.3070,11.3070
-75.3999,75.3999
-30.8467,30.8467
-60.4630,60.4630
10.5261,-10.5261
-15.7706,15.7706
73.3429,-73.3429
-31.3550,31.3550
29.8682,-29.8682
26.2976,-26.2976
16.8494,-16.8494
47.9370,-47.9370
-33.6512,33.6512
62.5518,-62.5518
-13.6918,13.6918
22.4292,-22.4292
59.6711,-59.6711
29.2387,-29.2387
90.7613,-90.7613
2.4671,-2.4671
87.3631,-87.3631
-75.3374,75.3374
-60.7635,60.7635
92.0737,-92.0737
-97.6078,97.6078
36.9826,-36.9826
87.0783,-87.0783
81.7002,-81.7002
15.2440,-15.2440
-73.4607,73.4607
-30.5483,30.5483
-97.5439,97.5439
-42.2951,42.2951
-79.1451,79.1451
27.3694,-27.3694
-9.9986,9.9986
-62.7823,62.7823
-25.7691,25.7691
-99.5226,99.5226
-0.3477,0.3477
-89.0081,89.0081
11.9705,-11.9705
57.8399,-57.8399
53.9835,-53.9835
-10.1422,10.1422
-69.1109,69.1109
-91.9270,91.9270
-49.8997,49.8997
-54.4942,54.4942
39.2673,-39.2673
-62.6863,62.6863
15.7338,-15.7338
84.0204,-84.0204
-60.2690,60.2690
-98.0824,98.0824
82.2465,-82.2465
66.0394,-66.0394
-37.7062,37.7062
33.4413,-33.4413
-71.8584,71.8584
-67.8841,67.8841
39.2061,-39.2061
18.5505,-18.5505
61.3899,-61.3899
17.7888,-17.7888
53.0185,-53.0185
66.8690,-66.8690
-80.8441,80.8441
-71.1186,71.1186
-47.7032,47.7032
-48.5029,48.5029
22.8612,-22.8612
18.4582,-18.4582
-77.4549,77.4549
61.8030,-61.8030
38.0971,-38.0971
-22.1136,22.1136
87.5798,-87.5798
-78.0204,78.0204
92.5028,-92.5028
-47.4684,47.4684
-96.6564,96.6564
28.8150,-28.8150
-22.1671,22.1671
-28.2589,28.2589
-21.6937,21.6937
-26.4651,26.4651
56.6541,-56.6541
41.2353,-41.2353
23.8255,-23.8255
-84.7676,84.7676
-14.3801,14.3801
63.2257,-63.2257
9.2329,-9.2329
94.8633,-94.8633
98.5291,-98.5291
70.1843,-70.1843
-67.4915,67.4915
50.8708,-50.8708
-76.3440,76.3440
-59.5900,59.5900
19.8344,-19.8344
-11.4908,11.4908
58.5061,-58.5061
62.4953,-62.4953
96.3645,-96.3645
18.3155,-18.3155
78.7447,-78.7447
72.4765,-72.4765
-8.3515,8.3515
45.4939,-45.4939
90.2254,-90.2254
54.7502,-54.7502
27.7559,-27.7559
16.3227,-16.3227
-33.3293,33.3293
-7.4093,7.4093
-39.2334,39.2334
45.5766,-45.5766
-74.1911,74.1911
-62.0775,62.0775
44.3182,-44.3182
28.8468,-28.8468
42.0873,-42.0873
-73.5054,73.5054
35.8705,-35.8705
-17.6062,17.6062
27.9952,-27.9952
-23.0906,23.0906
91.8693,-91.8693
-7.4963,7.4963
48.6420,-48.6420
44.3448,-44.3448
-5.9372,5.9372
-60.4849,60.4849
-84.0415,84.0415
96.6046,-96.6046
-5.3014,5.3014
-17.1380,17.1380
20.3248,-20.3248
-66.4325,66.4325
-42.7829,42.7829
28.4500,-28.4500
-27.4513,27.4513
2.9888,-2.9888
-46.2928,46.2928
48.8734,-48.8734
-75.6481,75.6481
-52.1051,52.1051
69.2107,-69.2107
28.1911,-28.1911
-85.9786,85.9786
99.0029,-99.0029
-50.3207,50.3207
-71.1942,71.1942
98.0855,-98.0855
-11.5921,11.5921
-60.2756,60.2756
-25.1979,25.1979
35.8073,-35.8073
22.9285,-22.9285
-46.7641,46.7641
36.0318,-36.0318
-35.1858,35.1858
-87.7980,87.7980
-38.1584,38.1584
-24.7088,24.7088
-48.8198,48.8198
97.9075,-97.9075
3.4464,-3.4464
-6.9556,6.9556
-9.3222,9.3222
-48.2277,48.2277
-57.3060,57.3060
84.5629,-84.5629
-87.8171,87.8171
-34.9883,34.9883
-84.4121,84.4121
33.7302,-33.7302
-91.3657,91.3657
-72.9646,72.9646
43.7339,-43.7339
-7.9223,7.9223
-10.5942,10.5942
-72.8057,72.8057
-67.6846,67.6846
-89.7716,89.7716
-9.6321,9.6321
-25.6460,25.6460
-91.9527,91.9527
86.8968,-86.8968
-61.9627,61.9627
71.4328,-71.4328
75.8025,-75.8025
72.5035,-72.5035
-43.4685,43.4685
26.7976,-26.7976
-29.8639,29.8639
-91.5473,91.5473
-11.2947,11.2947
-53.1846,53.1846
-24.2517,24.2517
-89.3352,89.3352
16.4585,-16.4585
16.0305,-16.0305
-44.9005,44.9005
-93.8665,93.8665
-7.9659,7.9659
40.8147,-40.8147
3.5729,-3.5729
46.9950,-46.9950
5.7615,-5.7615
68.6082,-68.6082
-35.8349,35.8349
-99.1149,99.1149
-40.7354,40.7354
21.4052,-21.4052
-6.1671,6.1671
91.9080,-91.9080
-78.6176,78.6176
-63.9594,63.9594
52.2335,-52.2335
66.4493,-66.4493
17.0053,-17.0053
34.4906,-34.4906
-57.3862,57.3862
9.4780,-9.4780
-36.0664,36.0664
21.4633,-21.4633
-23.7997,23.7997
-54.1229,54.1229
10.5718,-10.5718
-78.3229,78.3229
-98.2235,98.2235
48.9062,-48.9062
18.3995,-18.3995
84.9656,-84.9656
63.9508,-63.9508
23.3514,-23.3514
-62.3105,62.3105
73.6163,-73.6163
-79.9376,79.9376
-68.7177,68.7177
-1.8442,1.8442
5.2909,-5.2909
23.1204,-23.1204
89.5582,-89.5582
68.8226,-68.8226
88.0009,-88.0009
-62.7301,62.7301
-54.7673,54.7673
12.2082,-12.2082
51.5670,-51.5670
48.6771,-48.6771
-70.7046,70.7046
-63.3274,63.3274
79.5325,-79.5325
-40.2590,40.2590
83.7289,-83.7289
75.2887,-75.2887
-69.6531,69.6531
-91.9327,91.9327
-12.7877,12.7877
-43.0921,43.0921
52.3121,-52.3121
-98.4306,98.4306
37.6539,-37.6539
-99.8068,99.8068
-33.8416,33.8416
-68.0855,68.0855
18.7422,-18.7422
88.7647,-88.7647
29.4635,-29.4635
89.0709,-89.0709
-68.5861,68.5861
-47.0768,47.0768
49.4355,-49.4355
-96.7774,96.7774
95.6421,-95.6421
-85.8116,85.8116
-65.7915,65.7915
-17.8718,17.8718
-56.4859,56.4859
95.1880,-95.1880
-41.2805,41.2805
36.3521,-36.3521
-45.5386,45.5386
7.0107,-7.0107
77.9638,-77.9638
-72.7648,72.7648
80.9141,-80.9141
-2.2828,2.2828
-39.3874,39.3874
57.0887,-57.0887
-86.3018,86.3018
-53.7340,53.7340
25.1901,-25.1901
63.3398,-63.3398
19.3929,-19.3929
-86.3402,86.3402
-68.3984,68.3984
74.1333,-74.1333
-57.3213,57.3213
-47.8143,47.8143
-7.3877,7.3877
18.6235,-18.6235
-85.8816,85.8816
-42.0957,42.0957
66.1128,-66.1128
-56.4006,56.4006
-75.9244,75.9244
57.2801,-57.2801
-29.5650,29.5650
-40.1672,40.1672
-92.2553,92.2553
0.0430,-0.0430
97.5693,-97.5693
58.7092,-58.7092
-87.2376,87.2376
42.0898,-42.0898
-61.0727,61.0727
-97.7680,97.7680
-29.8154,29.8154
62.3613,-62.3613
-10.2057,10.2057
80.2710,-80.2710
2.9179,-2.9179
-37.6298,37.6298
76.3059,-76.3059
-75.5148,75.5148
-88.2195,88.2195
70.2853,-70.2853
-54.3248,54.3248
39.7875,-39.7875
47.4458,-47.4458
-8.3399,8.3399
8.0866,-8.0866
-59.5650,59.5650
-29.4698,29.4698
-36.5222,36.5222
34.0793,-34.0793
-2.0073,2.0073
-84.5329,84.5329
37.6994,-37.6994
-33.7087,33.7087
-17.9925,17.9925
-35.5297,35.5297
-33.9708,33.9708
-98.7520,98.7520
-37.2764,37.2764
-47.5625,47.5625
1.2068,-1.2068
73.3256,-73.3256
-54.8811,54.8811
-89.7089,89.7089
-93.9092,93.9092
-50.0156,50.0156
50.7158,-50.7158
88.1968,-88.1968
49.5597,-49.5597
-55.9587,55.9587
-16.9780,16.9780
57.2567,-57.2567
13.3584,-13.3584
-34.7211,34.7211
65.6895,-65.6895
-77.6166,77.6166
-99.4287,99.4287
56.3228,-56.3228
62.1615,-62.1615
-7.2559,7.2559
-88.2964,88.2964
-64.7380,64.7380
-89.9830,89.9830
-86.3705,86.3705
99.9400,-99.9400
97.6254,-97.6254
-11.4462,11.4462
-72.4459,72.4459
-84.9740,84.9740
-15.4847,15.4847
1.4227,-1.4227
42.1901,-42.1901
55.5234,-55.5234
-64.6622,64.6622
-9.0997,9.0997
-29.4298,29.4298
-42.7656,42.7656
15.8637,-15.8637
11.6746,-11.6746
99.4751,-99.4751
22.6925,-22.6925
-97.8534,97.8534
71.8004,-71.8004
23.1719,-23.1719
62.4349,-62.4349
81.2780,-81.2780
-27.3060,27.3060
42.4292,-42.4292
-99.0489,99.0489
45.3595,-45.3595
56.9259,-56.9259
16.7868,-16.7868
-76.6271,76.6271
22.9056,-22.9056
92.5867,-92.5867
-77.2125,77.2125
-82.9738,82.9738
-44.7595,44.7595
48.2861,-48.2861
-84.5944,84.5944
-51.4219,51.4219
-19.0312,19.0312
-19.0828,19.0828
-65.8233,65.8233
19.6515,-19.6515
73.2854,-73.2854
85.5357,-85.5357
29.1287,-29.1287
56.4336,-56.4336
-44.7320,44.7320
80.8868,-80.8868
42.2148,-42.2148
86.5316,-86.5316
55.3102,-55.3102
-39.2438,39.2438
-4.7417,4.7417
73.8247,-73.8247
-58.3148,58.3148
-18.7212,18.7212
34.3658,-34.3658
40.7711,-40.7711
-70.0588,70.0588
-65.7531,65.7531
-66.0371,66.0371
-17.9442,17.9442
7.4946,-7.4946
-57.4632,57.4632
-7.5691,7.5691
-17.5474,17.5474
74.0339,-74.0339
90.4968,-90.4968
17.8338,-17.8338
16.7397,-16.7397
-30.1795,30.1795
34.0042,-34.0042
68.0062,-68.0062
-66.9418,66.9418
96.8596,-96.8596
-87.5580,87.5580
-89.3478,89.3478
49.2889,-49.2889
91.6746,-91.6746
-91.2190,91.2190
-21.5347,21.5347
-61.6292,61.6292
56.7436,-56.7436
-24.8118,24.8118
52.4766,-52.4766
-13.4951,13.4951
40.4389,-40.4389
-19.1906,19.1906
-53.3660,53.3660
34.6293,-34.6293
-98.8933,98.8933
91.7688,-91.7688
54.2317,-54.2317
95.6444,-95.6444
42.9939,-42.9939
91.2342,-91.2342
30.1472,-30.1472
4.6426,-4.6426
38.7156,-38.7156
-41.6994,41.6994
-7.9591,7.9591
68.3639,-68.3639
22.0241,-22.0241
11.0231,-11.0231
0.7984,-0.7984
-85.5239,85.5239
-67.6889,67.6889
-74.7956,74.7956
33.2885,-33.2885
12.9513,-12.9513
-30.4910,30.4910
40.2601,-40.2601
78.0564,-78.0564
-0.9073,0.9073
-0.1708,0.1708
-73.9728,73.9728
23.1067,-23.1067
66.3087,-66.3087
28.1060,-28.1060
-95.4163,95.4163
86.3599,-86.3599
-96.2638,96.2638
20.3511,-20.3511
80.8334,-80.8334
-47.6123,47.6123
22.7003,-22.7003
64.8653,-64.8653
-97.7088,97.7088
-90.5999,90.5999
49.5209,-49.5209
87.6326,-87.6326
69.3627,-69.3627
58.3014,-58.3014
-66.7586,66.7586
-3.0340,3.0340
-4.4073,4.4073
-47.8944,47.8944
68.9868,-68.9868
27.6844,-27.6844
-30.6679,30.6679
-1.7732,1.7732
-39.4048,39.4048
25.9549,-25.9549
-58.2793,58.2793
40.3824,-40.3824
-49.7360,49.7360
75.4440,-75.4440
6.1994,-6.1994
29.7568,-29.7568
41.5500,-41.5500
32.9606,-32.9606
81.2065,-81.2065
-57.8831,57.8831
-58.7509,58.7509
48.9626,-48.9626
-55.1442,55.1442
-83.9561,83.9561
-32.4521,32.4521
-59.2942,59.2942
35.9232,-35.9232
38.5444,-38.5444
95.4425,-95.4425
-19.6884,19.6884
56.4092,-56.4092
30.7058,-30.7058
-66.7452,66.7452
37.8118,-37.8118
51.3969,-51.3969
-87.2694,87.2694
73.9331,-73.9331
-48.5278,48.5278
-6.0736,6.0736
37.1388,-37.1388
-79.3133,79.3133
62.3402,-62.3402
91.1915,-91.1915
44.7464,-44.7464
13.9554,-13.9554
-68.8665,68.8665
-9.6929,9.6929
-86.3091,86.3091
-73.2189,73.2189
47.2497,-47.2497
11.5601,-11.5601
84.5736,-84.5736
27.7950,-27.7950
27.2303,-27.2303
-85.1070,85.1070
48.3313,-48.3313
-97.5870,97.5870
90.2169,-90.2169
83.3375,-83.3375
80.4024,-80.4024
-41.0885,41.0885
-31.8598,31.8598
54.8655,-54.8655
-60.0889,60.0889
-63.1398,63.1398
-2.7969,2.7969
-76.8177,76.8177
-10.0095,10.0095
-87.4315,87.4315
91.1174,-91.1174
38.7420,-38.7420
-20.9534,20.9534
-9.4692,9.4692
-12.6610,12.6610
89.0522,-89.0522
99.2059,-99.2059
61.1989,-61.1989
-92.6051,92.6051
29.6584,-29.6584
-98.2235,98.2235
21.8847,-21.8847
46.9876,-46.9876
78.2151,-78.2151
15.2101,-15.2101
54.8674,-54.8674
-47.6881,47.6881
39.2124,-39.2124
-20.9863,20.9863
-78.0241,78.0241
88.9288,-88.9288
91.9701,-91.9701
89.4427,-89.4427
-69.2562,69.2562
27.4015,-27.4015
61.7601,-61.7601
-45.9806,45.9806
25.0074,-25.0074
-41.6410,41.6410
-48.9456,48.9456
56.0777,-56.0777
93.8016,-93.8016
-20.3733,20.3733
-76.2524,76.2524
-93.3449,93.3449
-94.3772,94.3772
44.5354,-44.5354
-3.1308,3.1308
-16.0827,16.0827
-88.2979,88.2979
-37.1175,37.1175
58.2016,-58.2016
-32.1880,32.1880
31.0968,-31.0968
88.1419,-88.1419
60.8140,-60.8140
-87.4163,87.4163
88.2057,-88.2057
73.2016,-73.2016
-41.4605,41.4605
-21.7191,21.7191
-80.0096,80.0096
-62.2063,62.2063
-35.0762,35.0762
-55.9396,55.9396
-34.9402,34.9402
-8.9129,8.9129
-49.2351,49.2351
-70.7062,70.7062
-90.6825,90.6825
-69.1148,69.1148
91.1903,-91.1903
-98.6943,98.6943
37.6259,-37.6259
-58.0562,58.0562
-97.5131,97.5131
94.0383,-94.0383
-95.6061,95.6061
-21.4707,21.4707
-10.0696,10.0696
36.4133,-36.4133
-72.5303,72.5303
-8.2540,8.2540
19.1002,-19.1002
-66.0921,66.0921
-61.0048,61.0048
-27.0207,27.0207
-78.9642,78.9642
64.1771,-64.1771
-10.2011,10.2011
-77.3071,77.3071
-21.4253,21.4253
58.9770,-58.9770
12.7152,-12.7152
62.7704,-62.7704
29.9860,-29.9860
1.8705,-1.8705
5.0967,-5.0967
-3.0542,3.0542
63.3242,-63.3242
-76.3625,76.3625
43.4082,-43.4082
74.0145,-74.0145
-49.3229,49.3229
64.6264,-64.6264
-36.9988,36.9988
-15.8036,15.8036
52.1228,-52.1228
-19.5309,19.5309
36.0830,-36.0830
-6.4975,6.4975
-14.1879,14.1879
-42.7305,42.7305
18.1597,-18.1597
65.7204,-65.7204
-21.0012,21.0012
81.9866,-81.9866
64.8311,-64.8311
64.1523,-64.1523
-80.9253,80.9253
18.8707,-18.8707
-64.1337,64.1337
74.7600,-74.7600
44.9070,-44.9070
66.5229,-66.5229
92.2331,-92.2331
-79.1502,79.1502
44.1973,-44.1973
70.3522,-70.3522
-67.0892,67.0892
-89.0724,89.0724
-67.9741,67.9741
67.4096,-67.4096
-5.8145,5.8145
-1.9167,1.9167
-75.3276,75.3276
1.7948,-1.7948
-14.5508,14.5508
-43.5700,43.5700
-98.1354,98.1354
68.2109,-68.2109
95.1815,-95.1815
41.8724,-41.8724
-12.6899,12.6899
25.8477,-25.8477
10.2921,-10.2921
44.4925,-44.4925
78.5053,-78.5053
94.9925,-94.9925
-61.2749,61.2749
-16.8338,16.8338
68.7532,-68.7532
87.6102,-87.6102
66.1603,-66.1603
46.9738,-46.9738
68.2581,-68.2581
6.5412,-6.5412
65.1381,-65.1381
65.3724,-65.3724
-62.7957,62.7957
34.8380,-34.8380
6.2943,-6.2943
39.4410,-39.4410
44.4926,-44.4926
-65.8588,65.8588
-19.7167,19.7167
-2.1240,2.1240
57.4840,-57.4840
-33.7267,33.7267
-49.2482,49.2482
28.6283,-28.6283
40.2089,-40.2089
-8.5713,8.5713
99.1223,-99.1223
-39.4069,39.4069
91.0865,-91.0865
23.3503,-23.3503
-53.8853,53.8853
98.0689,-98.0689
-74.6803,74.6803
33.0131,-33.0131
44.5373,-44.5373
-18.8030,18.8030
-91.0044,91.0044
-86.5554,86.5554
-42.3108,42.3108
-27.7101,27.7101
6.5212,-6.5212
30.3667,-30.3667
74.4224,-74.4224
-25.4930,25.4930
33.2660,-33.2660
80.1391,-80.1391
-81.0847,81.0847
-75.8349,75.8349
-97.0663,97.0663
71.1474,-71.1474
23.6918,-23.6918
-2.6137,2.6137
38.7359,-38.7359
-44.5690,44.5690
-90.5207,90.5207
-28.7555,28.7555
42.2487,-42.2487
13.9197,-13.9197
-1.9131,1.9131
36.7643,-36.7643
53.4412,-53.4412
-73.3453,73.3453
91.1842,-91.1842
91.6989,-91.6989
-58.4028,58.4028
-69.5960,69.5960
-89.7638,89.7638
-78.5405,78.5405
-54.0569,54.0569
-70.9696,70.9696
45.6989,-45.6989
78.4825,-78.4825
-28.6374,28.6374
-64.7644,64.7644
43.0074,-43.0074
-20.8738,20.8738
80.2712,-80.2712
20.3027,-20.3027
0.7644,-0.7644
-32.0605,32.0605
-71.9076,71.9076
-9.2983,9.2983
82.7068,-82.7068
-33.0509,33.0509
-61.9919,61.9919
30.0427,-30.0427
33.7555,-33.7555
32.1935,-32.1935
-26.0250,26.0250
24.1318,-24.1318
39.5382,-39.5382
33.3672,-33.3672
-46.2791,46.2791
13.1289,-13.1289
-17.6786,17.6786
20.4517,-20.4517
-45.3123,45.3123
84.5570,-84.5570
-86.5836,86.5836
86.8500,-86.8500
-72.9644,72.9644
-23.2239,23.2239
-34.5692,34.5692
29.9399,-29.9399
-17.9964,17.9964
4.3959,-4.3959
-42.6015,42.6015
-94.4143,94.4143
29.0166,-29.0166
-15.0690,15.0690
21.0862,-21.0862
-74.7735,74.7735
-57.0284,57.0284
-15.4754,15.4754
20.3245,-20.3245
36.7050,-36.7050
-60.3334,60.3334
-34.8964,34.8964
41.8134,-41.8134
69.8908,-69.8908
68.7727,-68.7727
55.3506,-55.3506
-4.3198,4.3198
-15.3529,15.3529
63.9492,-63.9492
17.3624,-17.3624
95.0112,-95.0112
82.8517,-82.8517
-66.1135,66.1135
-91.0652,91.0652
66.7131,-66.7131
31.5239,-31.5239
-92.7331,92.7331
-52.3437,52.3437
-14.1213,14.1213
-18.4517,18.4517
-0.6290,0.6290
-8.1430,8.1430
-39.6179,39.6179
66.2113,-66.2113
59.2999,-59.2999
83.9207,-83.9207
23.7372,-23.7372
55.5154,-55.5154
-8.5066,8.5066
22.4993,-22.4993
-9.3159,9.3159
-52.9993,52.9993
4.0182,-4.0182
-60.4388,60.4388
87.3347,-87.3347
30.4636,-30.4636
-19.1526,19.1526
-91.4941,91.4941
14.0352,-14.0352
49.5425,-49.5425
-40.3699,40.3699
-90.8853,90.8853
-1.3701,1.3701
6.0868,-6.0868
57.3603,-57.3603
23.2373,-23.2373
0.2456,-0.2456
20.6959,-20.6959
2.5772,-2.5772
-31.4706,31.4706
-26.0541,26.0541
29.2792,-29.2792
-56.0935,56.0935
-83.2574,83.2574
83.5289,-83.5289
-47.8926,47.8926
-64.4638,64.4638
-45.4200,45.4200
92.3094,-92.3094
-0.5202,0.5202
-26.6881,26.6881
-80.5578,80.5578
-7.4677,7.4677
-37.9576,37.9576
21.4534,-21.4534
79.8167,-79.8167
20.1893,-20.1893
-18.0224,18.0224
12.7883,-12.7883
35.9119,-35.9119
73.0753,-73.0753
-73.0643,73.0643
18.5469,-18.5469
99.8929,-99.8929
-56.4169,56.4169
36.7736,-36.7736
-81.0756,81.0756
-29.9499,29.9499
67.3280,-67.3280
-77.5892,77.5892
25.1449,-25.1449
-87.9286,87.9286
59.1931,-59.1931
-29.4295,29.4295
-60.8833,60.8833
38.6280,-38.6280
21.1533,-21.1533
51.7519,-51.7519
20.0311,-20.0311
91.5850,-91.5850
-63.8033,63.8033
-71.0276,71.0276
-86.8249,86.8249
-20.4143,20.4143
95.0666,-95.0666
-33.8582,33.8582
67.2493,-67.2493
87.7443,-87.7443
-67.8127,67.8127
42.8101,-42.8101
-12.2406,12.2406
-68.2159,68.2159
12.3935,-12.3935
63.0008,-63.0008
-84.0935,84.0935
82.8471,-82.8471
82.6669,-82.6669
-25.4727,25.4727
90.8437,-90.8437
9.6292,-9.6292
-77.1834,77.1834
-29.4524,29.4524
-71.7642,71.7642
51.1891,-51.1891
16.4542,-16.4542
20.6575,-20.6575
57.3931,-57.3931
71.6787,-71.6787
29.9100,-29.9100
-17.7950,17.7950
18.2151,-18.2151
70.4044,-70.4044
-74.7102,74.7102
51.8764,-51.8764
-41.9639,41.9639
81.2816,-81.2816
3.6008,-3.6008
-73.0798,73.0798
27.7473,-27.7473
44.9212,-44.9212
90.8911,-90.8911
91.6031,-91.6031
89.8853,-89.8853
66.7872,-66.7872
-68.3854,68.3854
63.5712,-63.5712
-70.0904,70.0904
-91.5279,91.5279
44.2320,-44.2320
-2.7335,2.7335
37.9134,-37.9134
-57.5707,57.5707
-72.6100,72.6100
36.3965,-36.3965
-92.5367,92.5367
9.4955,-9.4955
-92.4937,92.4937
4.7444,-4.7444
-84.3317,84.3317
-46.8880,46.8880
-95.7753,95.7753
81.9580,-81.9580
42.1561,-42.1561
-56.8892,56.8892
51.6267,-51.6267
-55.4598,55.4598
-2.2132,2.2132
41.4829,-41.4829
86.7563,-86.7563
72.5012,-72.5012
-79.5286,79.5286
-39.3148,39.3148
80.5010,-80.5010
-61.4341,61.4341
-46.7377,46.7377
25.0862,-25.0862
42.2459,-42.2459
-22.4173,22.4173
-96.5797,96.5797
91.6451,-91.6451
15.7265,-15.7265
86.6949,-86.6949
27.6301,-27.6301
-68.9380,68.9380
95.3384,-95.3384
-81.2298,81.2298
16.8568,-16.8568
-59.6904,59.6904
-51.0526,51.0526
30.6830,-30.6830
-59.9626,59.9626
-0.5704,0.5704
-13.8123,13.8123
0.2774,-0.2774
-11.1681,11.1681
-3.1941,3.1941
-30.6509,30.6509
-65.0133,65.0133
0.6746,-0.6746
32.9940,-32.9940
9.5569,-9.5569
12.7483,-12.7483
54.0273,-54.0273
-76.5864,76.5864
93.6934,-93.6934
-47.8728,47.8728
32.4621,-32.4621
48.6109,-48.6109
18.7862,-18.7862
59.4055,-59.4055
-87.4555,87.4555
19.7383,-19.7383
-55.4833,55.4833
20.6380,-20.6380
94.5922,-94.5922
-47.9402,47.9402
-41.4228,41.4228
7.8958,-7.8958
60.3266,-60.3266
58.8467,-58.8467
-96.9526,96.9526
-37.8518,37.8518
35.1972,-35.1972
33.9472,-33.9472
82.6890,-82.6890
76.9714,-76.9714
-18.3744,18.3744
99.4525,-99.4525
47.6661,-47.6661
-53.5116,53.5116
-62.5211,62.5211
-60.3070,60.3070
-21.0984,21.0984
-55.5290,55.5290
24.3016,-24.3016
-97.0979,97.0979
-3.9093,3.9093
96.2023,-96.2023
-67.3634,67.3634
71.7151,-71.7151
-76.5137,76.5137
-2.4193,2.4193
-36.7771,36.7771
10.4820,-10.4820
-4.1586,4.1586
37.5050,-37.5050
57.4756,-57.4756
84.7038,-84.7038
-38.9233,38.9233
91.0518,-91.0518
62.2629,-62.2629
58.6559,-58.6559
-25.5691,25.5691
13.2158,-13.2158
82.1246,-82.1246
58.3486,-58.3486
42.9801,-42.9801
90.6370,-90.6370
-39.0247,39.0247
-80.1637,80.1637
-58.2915,58.2915
-95.0098,95.0098
63.7177,-63.7177
69.5578,-69.5578
-91.3454,91.3454
78.3045,-78.3045
-65.4495,65.4495
-70.5374,70.5374
87.4276,-87.4276
7.8450,-7.8450
-10.9164,10.9164
-93.1897,93.1897
60.1360,-60.1360
-48.6687,48.6687
-96.2128,96.2128
95.2497,-95.2497
-92.8032,92.8032
-3.1707,3.1707
-3.1268,3.1268
-45.3721,45.3721
-93.2753,93.2753
80.2315,-80.2315
-17.5749,17.5749
-52.0151,52.0151
10.2513,-10.2513
57.0601,-57.0601
46.8053,-46.8053
76.2880,-76.2880
-65.2134,65.2134
14.5087,-14.5087
-11.9640,11.9640
2.1834,-2.1834
88.8728,-88.8728
-96.1502,96.1502
-60.5877,60.5877
-76.5301,76.5301
-23.7688,23.7688
30.5498,-30.5498
57.2034,-57.2034
-52.1240,52.1240
20.7786,-20.7786
12.5090,-12.5090
34.4638,-34.4638
85.7890,-85.7890
-29.9815,29.9815
67.2153,-67.2153
-17.7906,17.7906
0.2533,-0.2533
12.5535,-12.5535
17.5040,-17.5040
49.0767,-49.0767
-80.0789,80.0789
-75.0963,75.0963
-94.8000,94.8000
26.4500,-26.4500
97.7178,-97.7178
-59.7947,59.7947
-82.9850,82.9850
-29.5729,29.5729
-47.2028,47.2028
49.2320,-49.2320
-40.0204,40.0204
55.5813,-55.5813
97.1750,-97.1750
-64.5014,64.5014
-20.2079,20.2079
21.5373,-21.5373
78.6962,-78.6962
6.9934,-6.9934
-52.5970,52.5970
53.6737,-53.6737
-81.0308,81.0308
28.3197,-28.3197
95.4594,-95.4594
10.4928,-10.4928
-17.6655,17.6655
-96.1341,96.1341
66.2108,-66.2108
-28.0834,28.0834
-90.3436,90.3436
-91.8595,91.8595
-49.2970,49.2970
77.7246,-77.7246
-38.4841,38.4841
27.7561,-27.7561
-89.4709,89.4709
51.5509,-51.5509
-38.6859,38.6859
-88.6215,88.6215
79.0656,-79.0656
-73.9096,73.9096
-18.0403,18.0403
90.0763,-90.0763
-97.4897,97.4897
66.2238,-66.2238
-39.3877,39.3877
-20.6474,20.6474
14.9644,-14.9644
23.9611,-23.9611
96.5249,-96.5249
-45.0298,45.0298
25.5180,-25.5180
-36.4750,36.4750
-59.6520,59.6520
87.1326,-87.1326
-90.2709,90.2709
84.4085,-84.4085
17.9946,-17.9946
27.0270,-27.0270
35.7419,-35.7419
3.5773,-3.5773
86.6576,-86.6576
-43.7061,43.7061
20.1706,-20.1706
-43.0607,43.0607
20.3583,-20.3583
-77.8419,77.8419
3.5873,-3.5873
52.3354,-52.3354
19.0741,-19.0741
-49.3161,49.3161
-1.5150,1.5150
-61.5284,61.5284
-55.3862,55.3862
39.7882,-39.7882
17.4058,-17.4058
-97.0052,97.0052
15.1053,-15.1053
91.0117,-91.0117
75.1043,-75.1043
-74.3991,74.3991
75.2965,-75.2965
27.6319,-27.6319
69.5164,-69.5164
24.8945,-24.8945
80.7697,-80.7697
-4.5114,4.5114
22.6490,-22.6490
30.6080,-30.6080
85.7417,-85.7417
6.7587,-6.7587
25.5315,-25.5315
-2.0280,2.0280
-52.9991,52.9991
-10.2609,10.2609
74.5624,-74.5624
90.4394,-90.4394
-69.8986,69.8986
-8.3288,8.3288
95.2116,-95.2116
52.9332,-52.9332
-73.6736,73.6736
-16.1200,16.1200
70.6477,-70.6477
68.0978,-68.0978
-83.2821,83.2821
-1.1500,1.1500
97.3829,-97.3829
-24.4548,24.4548
-60.2520,60.2520
-68.2363,68.2363
-87.6453,87.6453
-68.4701,68.4701
52.8965,-52.8965
38.2807,-38.2807
-97.1547,97.1547
-74.7021,74.7021
93.0915,-93.0915
-26.2560,26.2560
70.0568,-70.0568
-50.6695,50.6695
-31.7067,31.7067
-87.7310,87.7310
60.7723,-60.7723
96.5519,-96.5519
-66.9500,66.9500
77.4378,-77.4378
93.8769,-93.8769
19.4103,-19.4103
-92.2633,92.2633
72.8685,-72.8685
-13.0844,13.0844
-71.1832,71.1832
79.1599,-79.1599
56.5051,-56.5051
68.2319,-68.2319
-61.2029,61.2029
-59.9835,59.9835
14.2043,-14.2043
-27.2238,27.2238
-23.5584,23.5584
-20.1367,20.1367
-55.2769,55.2769
-61.1455,61.1455
-74.2378,74.2378
18.9271,-18.9271
-75.1030,75.1030
2.1214,-2.1214
-47.9253,47.9253
-54.5659,54.5659
-98.7386,98.7386
5.5081,-5.5081
55.8266,-55.8266
-72.1359,72.1359
-11.3907,11.3907
99.2764,-99.2764
-36.9062,36.9062
99.1384,-99.1384
-67.2812,67.2812
-15.6455,15.6455
37.0276,-37.0276
93.4416,-93.4416
56.6099,-56.6099
-22.7619,22.7619
45.1938,-45.1938
82.1384,-82.1384
-9.2830,9.2830
-99.8380,99.8380
-9.4125,9.4125
-97.8127,97.8127
-45.8644,45.8644
40.8966,-40.8966
-90.3823,90.3823
-99.7254,99.7254
7.9693,-7.9693
-6.3043,6.3043
71.0742,-71.0742
70.7589,-70.7589
-23.5400,23.5400
-63.8852,63.8852
81.1352,-81.1352
10.2643,-10.2643
88.1471,-88.1471
42.8524,-42.8524
18.2744,-18.2744
-62.6261,62.6261
-82.5722,82.5722
-36.1061,36.1061
25.6833,-25.6833
-62.4249,62.4249
-62.4467,62.4467
-6.9012,6.9012
50.1164,-50.1164
15.8075,-15.8075
-41.4481,41.4481
-85.0966,85.0966
20.7895,-20.7895
91.8119,-91.8119
-38.0344,38.0344
-85.8053,85.8053
-86.8232,86.8232
-11.1655,11.1655
-7.2157,7.2157
11.3564,-11.3564
81.6480,-81.6480
-48.0419,48.0419
-54.3710,54.3710
-65.2230,65.2230
90.4534,-90.4534
-76.9167,76.9167
85.0275,-85.0275
-72.0734,72.0734
46.3292,-46.3292
-25.9779,25.9779
-44.9098,44.9098
36.0787,-36.0787
56.3564,-56.3564
50.7034,-50.7034
96.7101,-96.7101
-38.5063,38.5063
97.3531,-97.3531
-66.3212,66.3212
-78.1201,78.1201
67.3600,-67.3600
52.3023,-52.3023
-22.3029,22.3029
16.0166,-16.0166
46.3853,-46.3853
-40.2052,40.2052
51.1117,-51.1117
-14.8586,14.8586
-71.7314,71.7314
95.7284,-95.7284
-89.7433,89.7433
96.4846,-96.4846
38.5550,-38.5550
96.5054,-96.5054
11.8521,-11.8521
55.2703,-55.2703
-10.2663,10.2663
70.0927,-70.0927
-7.4022,7.4022
-83.4473,83.4473
-80.7103,80.7103
-92.2863,92.2863
38.0176,-38.0176
66.5556,-66.5556
-70.0409,70.0409
-72.4131,72.4131
89.6078,-89.6078
-98.8584,98.8584
-65.4875,65.4875
-90.3286,90.3286
77.8455,-77.8455
41.8029,-41.8029
-73.5483,73.5483
-0.6191,0.6191
28.5620,-28.5620
65.9466,-65.9466
-90.7666,90.7666
-63.2678,63.2678
46.7015,-46.7015
-69.9553,69.9553
85.4785,-85.4785
81.5928,-81.5928
57.5401,-57.5401
-66.0860,66.0860
81.0666,-81.0666
-69.3029,69.3029
-88.5386,88.5386
-35.7471,35.7471
13.8710,-13.8710
-88.6305,88.6305
-17.3150,17.3150
-67.2778,67.2778
-47.3892,47.3892
54.5116,-54.5116
96.6640,-96.6640
91.9949,-91.9949
73.4127,-73.4127
-10.8145,10.8145
-73.5132,73.5132
18.3835,-18.3835
-54.6451,54.6451
32.7079,-32.7079
85.8977,-85.8977
19.1978,-19.1978
-19.7391,19.7391
-47.8161,47.8161
-3.6109,3.6109
-12.8480,12.8480
36.4974,-36.4974
91.9180,-91.9180
17.9554,-17.9554
-85.6092,85.6092
79.9920,-79.9920
-49.2036,49.2036
-65.0939,65.0939
11.4739,-11.4739
12.8534,-12.8534
12.0913,-12.0913
-28.0027,28.0027
44.5574,-44.5574
-39.8558,39.8558
-50.8664,50.8664
2.7365,-2.7365
60.6348,-60.6348
62.1952,-62.1952
47.5685,-47.5685
-39.8625,39.8625
-93.4016,93.4016
25.6886,-25.6886
59.4817,-59.4817
20.0180,-20.0180
71.3128,-71.3128
66.2445,-66.2445
86.2228,-86.2228
20.0853,-20.0853
38.6086,-38.6086
-25.3356,25.3356
66.8355,-66.8355
35.0137,-35.0137
-41.0864,41.0864
-80.7601,80.7601
-7.3821,7.3821
4.2358,-4.2358
-97.8460,97.8460
-65.8051,65.8051
-7.5639,7.5639
-67.6842,67.6842
-72.3417,72.3417
63.3417,-63.3417
14.5624,-14.5624
92.0567,-92.0567
30.0342,-30.0342
19.7176,-19.7176
97.6382,-97.6382
64.7130,-64.7130
-96.5299,96.5299
-84.6340,84.6340
-77.9520,77.9520
-58.0052,58.0052
-0.8029,0.8029
99.2743,-99.2743
-3.8465,3.8465
-23.5005,23.5005
27.6539,-27.6539
48.0116,-48.0116
86.6606,-86.6606
54.6402,-54.6402
-22.4730,22.4730
-68.8591,68.8591
61.0055,-61.0055
51.5152,-51.5152
66.2574,-66.2574
33.0878,-33.0878
27.7585,-27.7585
-76.7955,76.7955
-41.0134,41.0134
-22.9315,22.9315
-43.8950,43.8950
-94.8050,94.8050
90.4710,-90.4710
-6.2685,6.2685
-5.2242,5.2242
10.1945,-10.1945
6.3099,-6.3099
22.5479,-22.5479
13.3671,-13.3671
-75.9014,75.9014
-7.1373,7.1373
-6.5851,6.5851
84.4426,-84.4426
-77.9195,77.9195
68.5080,-68.5080
36.8266,-36.8266
-9.6670,9.6670
94.1859,-94.1859
-8.9872,8.9872
-48.9571,48.9571
-88.0608,88.0608
24.8042,-24.8042
-23.5574,23.5574
-81.3644,81.3644
7.7066,-7.7066
44.1670,-44.1670
-26.5256,26.5256
-51.7851,51.7851
-85.6452,85.6452
-90.2904,90.2904
-23.7299,23.7299
-91.5409,91.5409
52.5010,-52.5010
88.8046,-88.8046
-78.3755,78.3755
63.4879,-63.4879
1.3158,-1.3158
49.2965,-49.2965
90.3687,-90.3687
10.6392,-10.6392
-24.1965,24.1965
-75.3196,75.3196
-24.2774,24.2774
9.0373,-9.0373
-54.8046,54.8046
-27.3480,27.3480
60.1653,-60.1653
73.6064,-73.6064
-62.8546,62.8546
-6.4206,6.4206
87.2944,-87.2944
37.8347,-37.8347
89.3845,-89.3845
29.8906,-29.8906
-41.6602,41.6602
-47.9413,47.9413
-79.0404,79.0404
-0.7690,0.7690
-50.3569,50.3569
-63.1661,63.1661
-68.0389,68.0389
59.7387,-59.7387
86.8692,-86.8692
16.4034,-16.4034
-68.4577,68.4577
-37.8775,37.8775
-17.4207,17.4207
-34.4336,34.4336
-86.9772,86.9772
-69.1845,69.1845
90.9658,-90.9658
-27.2098,27.2098
-65.9707,65.9707
-1.6206,1.6206
39.2549,-39.2549
25.2745,-25.2745
-59.9318,59.9318
-96.7748,96.7748
-14.0908,14.0908
-46.1788,46.1788
-71.3403,71.3403
-29.4977,29.4977
-23.3222,23.3222
28.7426,-28.7426
-15.5784,15.5784
-41.9519,41.9519
-97.7713,97.7713
-40.7127,40.7127
53.2572,-53.2572
-72.4259,72.4259
-10.4727,10.4727
-35.5479,35.5479
12.7440,-12.7440
-51.5041,51.5041
-61.7889,61.7889
42.3014,-42.3014
-62.5082,62.5082
-34.0703,34.0703
98.7681,-98.7681
39.9462,-39.9462
0.6820,-0.6820
96.0501,-96.0501
-11.9105,11.9105
-47.3273,47.3273
-32.9087,32.9087
39.9979,-39.9979
-24.9349,24.9349
-71.3920,71.3920
-17.6422,17.6422
76.2874,-76.2874
-63.6467,63.6467
65.3235,-65.3235
-24.9646,24.9646
27.0142,-27.0142
31.7977,-31.7977
-22.1461,22.1461
95.8690,-95.8690
-61.2683,61.2683
44.7132,-44.7132
47.0689,-47.0689
-68.6234,68.6234
71.7236,-71.7236
25.2130,-25.2130
-94.2984,94.2984
27.6560,-27.6560
58.3204,-58.3204
45.3880,-45.3880
38.3204,-38.3204
42.3920,-42.3920
77.4363,-77.4363
-37.3618,37.3618
91.1314,-91.1314
-10.3104,10.3104
-85.9700,85.9700
92.8353,-92.8353
37.8675,-37.8675
31.7457,-31.7457
42.6853,-42.6853
82.0051,-82.0051
82.1707,-82.1707
79.9212,-79.9212
-33.4036,33.4036
-88.3556,88.3556
90.7975,-90.7975
-64.1542,64.1542
99.3055,-99.3055
60.0767,-60.0767
-94.4895,94.4895
84.6575,-84.6575
80.4496,-80.4496
-59.8500,59.8500
2.9015,-2.9015
-74.6537,74.6537
-42.9087,42.9087
-59.6017,59.6017
-48.0729,48.0729
-9.2139,9.2139
-67.4299,67.4299
61.0521,-61.0521
98.0398,-98.0398
-81.6888,81.6888
-19.2845,19.2845
-64.3891,64.3891
92.3889,-92.3889
-31.5877,31.5877
2.0808,-2.0808
-41.2634,41.2634
-68.4644,68.4644
-0.6397,0.6397
35.4633,-35.4633
-96.0323,96.0323
24.1794,-24.1794
36.5610,-36.5610
-58.8922,58.8922
94.7909,-94.7909
