-40.0323,40.0323
53.1741,-53.1741
-78.5849,78.5849
11.4411,-11.4411
71.4993,-71.4993
64.2116,-64.2116
-62.9767,62.9767
-2.1151,2.1151
-79.2523,79.2523
-70.0901,70.0901
-13.5614,13.5614
-22.2880,22.2880
-52.2188,52.2188
-20.1132,20.1132
29.1421,-29.1421
16.7969,-16.7969
-2.0034,2.0034
-47.2639,47.2639
64.4934,-64.4934
85.8302,-85.8302
82.2515,-82.2515
-49.0856,49.0856
8.7204,-8.7204
38.8793,-38.8793
-12.8196,12.8196
54.2985,-54.2985
50.6462,-50.6462
85.3376,-85.3376
-87.7111,87.7111
53.5580,-53.5580
23.9558,-23.9558
83.9660,-83.9660
58.0520,-58.0520
4.9705,-4.9705
6.6963,-6.6963
-88.8036,88.8036
88.7105,-88.7105
36.3960,-36.3960
23.2046,-23.2046
65.5036,-65.5036
-47.5485,47.5485
-23.6668,23.6668
-32.8913,32.8913
85.9703,-85.9703
-59.4855,59.4855
-56.0710,56.0710
52.0002,-52.0002
96.1867,-96.1867
59.2254,-59.2254
-0.1279,0.1279
-47.4388,47.4388
0.9290,-0.9290
-21.2747,21.2747
14.0826,-14.0826
-55.7681,55.7681
-65.4237,65.4237
-51.0072,51.0072
0.6042,-0.6042
-54.7782,54.7782
-27.2241,27.2241
32.5427,-32.5427
5.7310,-5.7310
-74.8533,74.8533
-90.5361,90.5361
28.4279,-28.4279
-98.5549,98.5549
67.1536,-67.1536
11.0918,-11.0918
31.7858,-31.7858
-72.1011,72.1011
17.0924,-17.0924
-58.3831,58.3831
2.8788,-2.8788
-7.5246,7.5246
34.8384,-34.8384
5.3903,-5.3903
-4.3893,4.3893
-78.7347,78.7347
-29.0213,29.0213
-3.3553,3.3553
41.5335,-41.5335
38.2576,-38.2576
-49.0146,49.0146
54.9258,-54.9258
3.6312,-3.6312
12.0692,-12.0692
54.2725,-54.2725
-91.8045,91.8045
8.9354,-8.9354
67.8090,-67.8090
78.7631,-78.7631
8.8180,-8.8180
39.4265,-39.4265
68.7427,-68.7427
85.5305,-85.5305
40.0285,-40.0285
-89.3928,89.3928
50.6566,-50.6566
-43.4903,43.4903
-85.0167,85.0167
-82.8104,82.8104
26.1920,-26.1920
60.8298,-60.8298
-5.9444,5.9444
-68.8939,68.8939
-1.0675,1.0675
-18.8800,18.8800
10.9225,-10.9225
-18.5079,18.5079
-72.2416,72.2416
78.9615,-78.9615
-49.7694,49.7694
-1.2701,1.2701
-45.9330,45.9330
30.7042,-30.7042
-22.3360,22.3360
-85.3858,85.3858
-90.1137,90.1137
97.6382,-97.6382
36.3595,-36.3595
97.1347,-97.1347
-43.0745,43.0745
6.1011,-6.1011
74.2857,-74.2857
-53.2663,53.2663
60.9462,-60.9462
-71.0870,71.0870
-53.8574,53.8574
-6.0782,6.0782
-96.9366,96.9366
-97.5494,97.5494
3.6459,-3.6459
-97.2341,97.2341
3.6974,-3.6974
-30.7013,30.7013
64.9819,-64.9819
-57.9761,57.9761
27.3987,-27.3987
69.7421,-69.7421
5.0096,-5.0096
6.0884,-6.0884
95.1864,-95.1864
-95.4302,95.4302
-33.3996,33.3996
72.3912,-72.3912
63.2759,-63.2759
74.6565,-74.6565
-31.5776,31.5776
41.4723,-41.4723
78.6235,-78.6235
30.8406,-30.8406
40.3351,-40.3351
72.2225,-72.2225
-3.7214,3.7214
27.1417,-27.1417
26.3267,-26.3267
-33.1246,33.1246
89.7020,-89.7020
-25.9935,25.9935
-35.5585,35.5585
44.3259,-44.3259
35.8844,-35.8844
20.8430,-20.8430
84.3757,-84.3757
-2.7660,2.7660
-86.4015,86.4015
-38.0608,38.0608
7.2836,-7.2836
-9.2945,9.2945
-55.9212,55.9212
-11.9943,11.9943
-41.5303,41.5303
-2.0177,2.0177
-72.2572,72.2572
87.8539,-87.8539
-72.5907,72.5907
-31.8857,31.8857
68.7453,-68.7453
14.0332,-14.0332
-68.2983,68.2983
12.2739,-12.2739
99.5259,-99.5259
-57.1793,57.1793
-85.4706,85.4706
-63.9695,63.9695
79.2703,-79.2703
37.2456,-37.2456
46.9122,-46.9122
9.3878,-9.3878
39.3168,-39.3168
24.3060,-24.3060
15.3947,-15.3947
98.7655,-98.7655
65.1113,-65.1113
68.7610,-68.7610
89.3228,-89.3228
-73.8094,73.8094
66.7501,-66.7501
33.8558,-33.8558
73.7735,-73.7735
30.2985,-30.2985
-84.6258,84.6258
6.6291,-6.6291
28.0834,-28.0834
-58.2226,58.2226
-37.2468,37.2468
62.0668,-62.0668
-10.6809,10.6809
89.7793,-89.7793
-63.6011,63.6011
21.4660,-21.4660
59.0667,-59.0667
76.9860,-76.9860
-20.0612,20.0612
-69.6107,69.6107
-2.3923,2.3923
94.8913,-94.8913
-82.9812,82.9812
28.6870,-28.6870
-24.2613,24.2613
-20.6166,20.6166
-87.4361,87.4361
-31.6340,31.6340
24.3217,-24.3217
2.4885,-2.4885
3.2516,-3.2516
-68.8378,68.8378
45.0669,-45.0669
11.3164,-11.3164
17.8341,-17.8341
55.1207,-55.1207
25.3865,-25.3865
-7.2069,7.2069
-14.7925,14.7925
99.5971,-99.5971
7.8053,-7.8053
-93.3629,93.3629
-64.6233,64.6233
88.7011,-88.7011
34.0674,-34.0674
-66.8909,66.8909
-43.9458,43.9458
-97.8381,97.8381
28.2911,-28.2911
-66.4178,66.4178
-83.7386,83.7386
-0.6539,0.6539
28.7651,-28.7651
-90.9600,90.9600
45.5669,-45.5669
28.7732,-28.7732
58.8644,-58.8644
-56.1555,56.1555
-96.5577,96.5577
-98.0931,98.0931
-37.6035,37.6035
39.3795,-39.3795
-58.4466,58.4466
-38.3599,38.3599
22.9768,-22.9768
13.2660,-13.2660
-40.3368,40.3368
41.6440,-41.6440
-41.1149,41.1149
-32.6186,32.6186
94.9439,-94.9439
-75.2366,75.2366
-92.8296,92.8296
-52.9375,52.9375
-6.9083,6.9083
-63.5835,63.5835
-43.8840,43.8840
57.7622,-57.7622
-36.1659,36.1659
-8.4821,8.4821
56.6986,-56.6986
-2.5689,2.5689
-7.1093,7.1093
-39.7367,39.7367
80.8089,-80.8089
66.7078,-66.7078
31.3050,-31.3050
44.8719,-44.8719
-60.1324,60.1324
-3.6894,3.6894
14.7196,-14.7196
48.5028,-48.5028
63.8339,-63.8339
29.2021,-29.2021
-17.8464,17.8464
-33.1080,33.1080
-14.4045,14.4045
-87.5324,87.5324
-70.7784,70.7784
-55.3344,55.3344
94.9973,-94.9973
-10.0114,10.0114
-64.2588,64.2588
80.2907,-80.2907
-97.1511,97.1511
24.8225,-24.8225
65.4663,-65.4663
16.2341,-16.2341
-35.7699,35.7699
-2.6892,2.6892
-81.3424,81.3424
72.9163,-72.9163
67.7514,-67.7514
-68.8093,68.8093
54.1499,-54.1499
-22.6032,22.6032
-29.4175,29.4175
-45.8724,45.8724
-36.2764,36.2764
61.1026,-61.1026
-91.8006,91.8006
-69.3695,69.3695
-72.6412,72.6412
-47.0823,47.0823
4.5086,-4.5086
-26.2818,26.2818
90.8696,-90.8696
-12.0661,12.0661
-81.0517,81.0517
-24.4197,24.4197
66.9732,-66.9732
80.9718,-80.9718
-0.5991,0.5991
65.3889,-65.3889
-85.7705,85.7705
-40.6928,40.6928
56.0647,-56.0647
26.4785,-26.4785
-57.4193,57.4193
-56.9420,56.9420
-91.0890,91.0890
-34.0789,34.0789
-39.8258,39.8258
-34.1838,34.1838
97.8831,-97.8831
24.6081,-24.6081
91.8565,-91.8565
2.7808,-2.7808
43.8684,-43.8684
-86.8177,86.8177
-86.3368,86.3368
59.5789,-59.5789
-5.6078,5.6078
12.9551,-12.9551
16.4671,-16.4671
-58.2018,58.2018
-67.0226,67.0226
69.1945,-69.1945
22.7802,-22.7802
91.4437,-91.4437
-84.2273,84.2273
-52.6617,52.6617
-7.0329,7.0329
17.2162,-17.2162
-86.3500,86.3500
90.0785,-90.0785
26.5191,-26.5191
2.8419,-2.8419
-70.4906,70.4906
25.8190,-25.8190
-61.2545,61.2545
35.6700,-35.6700
-47.6095,47.6095
-64.2127,64.2127
93.5890,-93.5890
-15.1104,15.1104
-61.5207,61.5207
97.9651,-97.9651
-94.8670,94.8670
-71.9451,71.9451
43.5036,-43.5036
-82.5118,82.5118
-78.6133,78.6133
82.6108,-82.6108
22.6107,-22.6107
57.4090,-57.4090
63.6143,-63.6143
3.8181,-3.8181
78.7320,-78.7320
-62.7905,62.7905
-81.8465,81.8465
-71.1449,71.1449
-6.5265,6.5265
-12.1246,12.1246
-69.1881,69.1881
-82.2480,82.2480
68.9585,-68.9585
42.3649,-42.3649
-8.1071,8.1071
52.8263,-52.8263
-25.5502,25.5502
-87.3688,87.3688
-23.1830,23.1830
-58.2415,58.2415
-11.0119,11.0119
-19.8163,19.8163
40.3829,-40.3829
3.0124,-3.0124
-4.9926,4.9926
90.9808,-90.9808
-42.2128,42.2128
-1.3031,1.3031
78.7018,-78.7018
32.8617,-32.8617
48.9824,-48.9824
66.2590,-66.2590
80.5967,-80.5967
27.5111,-27.5111
41.4142,-41.4142
-56.9186,56.9186
83.3558,-83.3558
22.3527,-22.3527
-77.4362,77.4362
-4.1152,4.1152
-74.9291,74.9291
-88.8035,88.8035
28.3051,-28.3051
44.3626,-44.3626
77.8932,-77.8932
80.1164,-80.1164
-51.2412,51.2412
34.2910,-34.2910
74.4893,-74.4893
30.9402,-30.9402
-43.8497,43.8497
-24.3639,24.3639
11.9284,-11.9284
85.9841,-85.9841
-2.3284,2.3284
33.2376,-33.2376
-98.4604,98.4604
43.1736,-43.1736
64.8015,-64.8015
21.2284,-21.2284
78.1685,-78.1685
-1.0293,1.0293
80.4044,-80.4044
73.9289,-73.9289
41.8190,-41.8190
80.5853,-80.5853
76.0878,-76.0878
-37.1871,37.1871
-73.9945,73.9945
75.1175,-75.1175
60.0125,-60.0125
98.8369,-98.8369
-66.0223,66.0223
-25.9231,25.9231
-79.2888,79.2888
66.0425,-66.0425
33.6515,-33.6515
-83.1049,83.1049
-76.9084,76.9084
-21.5837,21.5837
90.3067,-90.3067
-76.3794,76.3794
-17.1757,17.1757
64.3159,-64.3159
53.3100,-53.3100
-31.3625,31.3625
-52.4996,52.4996
98.8173,-98.8173
-45.5157,45.5157
-61.3429,61.3429
-41.3177,41.3177
-44.2885,44.2885
25.3198,-25.3198
5.6612,-5.6612
67.1622,-67.1622
-61.9903,61.9903
-82.0996,82.0996
40.2298,-40.2298
59.8477,-59.8477
83.7585,-83.7585
31.3096,-31.3096
-25.4416,25.4416
63.1604,-63.1604
-5.3645,5.3645
-50.1506,50.1506
-49.5252,49.5252
-92.5049,92.5049
-94.1791,94.1791
21.9575,-21.9575
84.3057,-84.3057
11.8333,-11.8333
49.7210,-49.7210
-97.7223,97.7223
-84.7109,84.7109
61.0583,-61.0583
68.3001,-68.3001
-76.2856,76.2856
24.1785,-24.1785
6.3361,-6.3361
-37.4344,37.4344
-32.7950,32.7950
-60.0844,60.0844
28.7671,-28.7671
71.4952,-71.4952
4.6769,-4.6769
9.9691,-9.9691
-71.0040,71.0040
-85.7712,85.7712
-50.2975,50.2975
10.5379,-10.5379
15.7409,-15.7409
26.1518,-26.1518
-16.6307,16.6307
59.2455,-59.2455
-36.7542,36.7542
48.6175,-48.6175
7.4742,-7.4742
87.7299,-87.7299
-10.3408,10.3408
-7.4229,7.4229
20.7190,-20.7190
19.6832,-19.6832
-7.4005,7.4005
-87.1738,87.1738
48.5775,-48.5775
16.4165,-16.4165
38.1596,-38.1596
92.2213,-92.2213
53.7183,-53.7183
-66.5770,66.5770
56.5406,-56.5406
-95.2584,95.2584
73.4328,-73.4328
-74.9986,74.9986
12.7158,-12.7158
-17.9262,17.9262
19.1799,-19.1799
-24.5624,24.5624
-10.7751,10.7751
-61.3621,61.3621
-37.7015,37.7015
-72.9109,72.9109
32.5655,-32.5655
-10.1051,10.1051
42.7868,-42.7868
64.2672,-64.2672
97.5815,-97.5815
-22.9473,22.9473
-98.9802,98.9802
66.9555,-66.9555
-25.2019,25.2019
84.3290,-84.3290
12.9573,-12.9573
-47.3323,47.3323
63.1674,-63.1674
97.8400,-97.8400
35.9908,-35.9908
87.5723,-87.5723
-10.9369,10.9369
-4.7745,4.7745
-71.7405,71.7405
25.4628,-25.4628
67.3758,-67.3758
84.1730,-84.1730
89.9196,-89.9196
-6.1346,6.1346
-1.7767,1.7767
27.9489,-27.9489
-47.2502,47.2502
-98.2869,98.2869
-95.4704,95.4704
-95.4385,95.4385
-73.6130,73.6130
48.1370,-48.1370
49.7584,-49.7584
52.1044,-52.1044
7.4987,-7.4987
97.2274,-97.2274
70.3590,-70.3590
78.9433,-78.9433
43.2532,-43.2532
-91.2496,91.2496
29.5256,-29.5256
-53.5250,53.5250
46.2055,-46.2055
68.2722,-68.2722
65.0268,-65.0268
16.8983,-16.8983
-60.5290,60.5290
-7.1132,7.1132
25.3528,-25.3528
8.3336,-8.3336
-4.0080,4.0080
88.7893,-88.7893
46.2291,-46.2291
1.5092,-1.5092
-14.5475,14.5475
-71.2677,71.2677
49.8186,-49.8186
-40.8142,40.8142
-97.5512,97.5512
36.4539,-36.4539
57.0399,-57.0399
52.8632,-52.8632
63.5066,-63.5066
31.2778,-31.2778
87.0798,-87.0798
-99.9994,99.9994
-12.1942,12.1942
-24.9696,24.9696
-56.4562,56.4562
19.0919,-19.0919
-28.8137,28.8137
94.5305,-94.5305
41.2156,-41.2156
39.2264,-39.2264
-69.6342,69.6342
-62.9823,62.9823
57.8973,-57.8973
-11.3978,11.3978
-32.2617,32.2617
-89.8968,89.8968
-56.9299,56.9299
25.6131,-25.6131
14.1894,-14.1894
-96.9795,96.9795
-34.9119,34.9119
-56.3448,56.3448
-69.6037,69.6037
25.9462,-25.9462
37.5602,-37.5602
-89.0387,89.0387
-89.3621,89.3621
-47.4686,47.4686
-46.5057,46.5057
-93.9083,93.9083
-64.4560,64.4560
-57.1376,57.1376
-1.7048,1.7048
-25.9407,25.9407
31.5782,-31.5782
8.3472,-8.3472
-99.6107,99.6107
-34.4453,34.4453
-93.9933,93.9933
-8.2940,8.2940
21.8982,-21.8982
-2.1869,2.1869
31.8781,-31.8781
-98.0279,98.0279
-90.0229,90.0229
13.9278,-13.9278
16.4818,-16.4818
-37.2676,37.2676
91.3391,-91.3391
10.7958,-10.7958
-23.7839,23.7839
-99.4986,99.4986
-68.2806,68.2806
-12.0130,12.0130
17.1665,-17.1665
-59.0839,59.0839
90.7983,-90.7983
64.8079,-64.8079
98.6182,-98.6182
-36.7883,36.7883
89.7992,-89.7992
57.5947,-57.5947
-76.4811,76.4811
38.7926,-38.7926
0.7990,-0.7990
-20.7793,20.7793
51.4934,-51.4934
20.8960,-20.8960
95.4017,-95.4017
83.4884,-83.4884
26.9176,-26.9176
94.8339,-94.8339
-12.7370,12.7370
-56.8353,56.8353
22.6690,-22.6690
70.6486,-70.6486
-98.8748,98.8748
12.0368,-12.0368
33.5981,-33.5981
-55.8719,55.8719
-46.5176,46.5176
8.9596,-8.9596
53.1812,-53.1812
-2.4950,2.4950
94.1693,-94.1693
20.0819,-20.0819
-74.4707,74.4707
94.5071,-94.5071
78.7610,-78.7610
-75.0743,75.0743
84.0102,-84.0102
-32.5576,32.5576
-84.3901,84.3901
16.6530,-16.6530
-43.6579,43.6579
-99.4202,99.4202
75.7526,-75.7526
-39.6337,39.6337
26.3353,-26.3353
98.0700,-98.0700
-67.3016,67.3016
-65.1876,65.1876
43.6879,-43.6879
-63.1422,63.1422
61.2600,-61.2600
2.1282,-2.1282
41.7085,-41.7085
84.5171,-84.5171
-34.3634,34.3634
53.5930,-53.5930
-94.8136,94.8136
30.8563,-30.8563
-68.5145,68.5145
-18.5328,18.5328
8.7827,-8.7827
76.4154,-76.4154
47.2779,-47.2779
73.7435,-73.7435
5.5857,-5.5857
-98.1241,98.1241
-60.5768,60.5768
3.1758,-3.1758
-44.0134,44.0134
-92.2597,92.2597
-53.8373,53.8373
-3.5675,3.5675
57.6453,-57.6453
57.5793,-57.5793
10.4642,-10.4642
73.0749,-73.0749
-1.7890,1.7890
-86.0940,86.0940
42.0397,-42.0397
85.1255,-85.1255
92.8638,-92.8638
-77.3244,77.3244
-76.8806,76.8806
97.5325,-97.5325
63.5768,-63.5768
-82.9639,82.9639
91.8195,-91.8195
-96.6983,96.6983
-26.7847,26.7847
-86.4801,86.4801
51.6655,-51.6655
-96.3541,96.3541
0.4406,-0.4406
-39.6281,39.6281
-34.4733,34.4733
-61.1036,61.1036
-22.7196,22.7196
-70.4603,70.4603
82.6316,-82.6316
-74.8154,74.8154
-55.2891,55.2891
1.8470,-1.8470
-60.2468,60.2468
-69.4979,69.4979
62.1415,-62.1415
36.1700,-36.1700
67.0908,-67.0908
-66.5073,66.5073
92.3437,-92.3437
22.7825,-22.7825
94.8652,-94.8652
-72.6922,72.6922
-2.4395,2.4395
-58.2186,58.2186
-48.3903,48.3903
-8.9568,8.9568
74.8756,-74.8756
-5.6308,5.6308
11.5974,-11.5974
-66.9156,66.9156
58.9044,-58.9044
-85.2078,85.2078
-8.7079,8.7079
55.5385,-55.5385
67.9454,-67.9454
83.9757,-83.9757
97.7756,-97.7756
-87.7063,87.7063
23.5207,-23.5207
44.8644,-44.8644
31.8097,-31.8097
-31.1646,31.1646
-35.3289,35.3289
-37.5398,37.5398
50.5354,-50.5354
83.1717,-83.1717
-64.9409,64.9409
37.7681,-37.7681
26.3633,-26.3633
-89.7040,89.7040
-95.7244,95.7244
40.2849,-40.2849
69.0705,-69.0705
98.3041,-98.3041
-33.2228,33.2228
-88.1468,88.1468
93.1273,-93.1273
78.8411,-78.8411
-35.4611,35.4611
8.5507,-8.5507
0.0354,-0.0354
-59.4009,59.4009
50.1379,-50.1379
18.5603,-18.5603
-89.6275,89.6275
41.0777,-41.0777
-88.0256,88.0256
-53.6326,53.6326
24.9164,-24.9164
-36.9724,36.9724
68.6081,-68.6081
15.4746,-15.4746
-37.6522,37.6522
33.8333,-33.8333
-23.5479,23.5479
-5.2900,5.2900
-84.9431,84.9431
78.8469,-78.8469
81.7045,-81.7045
-10.5490,10.5490
30.9479,-30.9479
-84.6866,84.6866
80.9159,-80.9159
12.2238,-12.2238
-8.9652,8.9652
35.6439,-35.6439
0.0432,-0.0432
-19.5213,19.5213
-38.1925,38.1925
-59.5011,59.5011
30.6799,-30.6799
-64.0093,64.0093
-42.2814,42.2814
-89.5024,89.5024
77.4088,-77.4088
41.1371,-41.1371
7.8007,-7.8007
34.5778,-34.5778
90.2467,-90.2467
-86.6193,86.6193
64.4246,-64.4246
13.1529,-13.1529
77.7584,-77.7584
-36.5317,36.5317
96.2368,-96.2368
89.0731,-89.0731
-27.7647,27.7647
-86.0618,86.0618
-74.3734,74.3734
-38.7401,38.7401
95.3710,-95.3710
97.7716,-97.7716
27.7258,-27.7258
-37.7256,37.7256
57.5486,-57.5486
84.4028,-84.4028
70.1260,-70.1260
-12.4705,12.4705
16.9073,-16.9073
27.4942,-27.4942
89.6669,-89.6669
-94.8855,94.8855
-65.7553,65.7553
90.4371,-90.4371
-32.3665,32.3665
-46.9778,46.9778
37.0254,-37.0254
-57.3450,57.3450
-12.7277,12.7277
16.6990,-16.6990
-44.7622,44.7622
-68.9540,68.9540
-11.8366,11.8366
28.2697,-28.2697
-53.3393,53.3393
21.5047,-21.5047
77.5138,-77.5138
-97.5138,97.5138
79.9649,-79.9649
48.7114,-48.7114
64.3397,-64.3397
6.8174,-6.8174
-89.3796,89.3796
-72.3185,72.3185
8.5536,-8.5536
53.2819,-53.2819
-16.1863,16.1863
4.2423,-4.2423
-29.0258,29.0258
-22.4396,22.4396
-11.2821,11.2821
-85.2655,85.2655
33.4125,-33.4125
-7.4552,7.4552
-98.4939,98.4939
-45.2837,45.2837
-28.1594,28.1594
-59.7631,59.7631
80.8739,-80.8739
59.9794,-59.9794
90.3012,-90.3012
-53.0820,53.0820
22.7350,-22.7350
69.4310,-69.4310
44.8577,-44.8577
42.9976,-42.9976
-54.8930,54.8930
-48.9856,48.9856
-62.3384,62.3384
-21.5916,21.5916
-47.1604,47.1604
28.7634,-28.7634
-14.8597,14.8597
-26.7490,26.7490
-13.6760,13.6760
-81.7143,81.7143
-52.4706,52.4706
-28.5459,28.5459
34.4511,-34.4511
94.7379,-94.7379
-2.9240,2.9240
-68.9755,68.9755
-22.1874,22.1874
69.0525,-69.0525
37.9343,-37.9343
12.7443,-12.7443
42.8194,-42.8194
53.4657,-53.4657
54.0378,-54.0378
24.9419,-24.9419
39.0038,-39.0038
-19.6588,19.6588
-44.4749,44.4749
73.4221,-73.4221
79.9863,-79.9863
81.9261,-81.9261
-31.8405,31.8405
-83.5627,83.5627
-15.1729,15.1729
-72.0322,72.0322
-61.0346,61.0346
22.0474,-22.0474
60.0384,-60.0384
20.9518,-20.9518
-18.7184,18.7184
48.2850,-48.2850
65.7728,-65.7728
-54.7044,54.7044
49.5829,-49.5829
-81.9712,81.9712
94.0343,-94.0343
-98.0155,98.0155
10.9718,-10.9718
81.3197,-81.3197
46.2188,-46.2188
-73.9122,73.9122
-11.2791,11.2791
-43.3124,43.3124
92.9112,-92.9112
47.9152,-47.9152
98.6202,-98.6202
57.2667,-57.2667
-58.8673,58.8673
-14.6746,14.6746
-18.4277,18.4277
73.8868,-73.8868
-47.6804,47.6804
23.3361,-23.3361
46.5828,-46.5828
52.1917,-52.1917
-4.9035,4.9035
4.0091,-4.0091
-76.9722,76.9722
-13.1673,13.1673
57.6814,-57.6814
-68.6266,68.6266
32.5586,-32.5586
-38.9084,38.9084
-29.5804,29.5804
-80.3702,80.3702
-59.0730,59.0730
-53.4884,53.4884
-65.5092,65.5092
87.7871,-87.7871
47.9267,-47.9267
-91.5892,91.5892
-42.3203,42.3203
62.2784,-62.2784
-84.1403,84.1403
89.4749,-89.4749
-40.1479,40.1479
-92.3674,92.3674
17.4711,-17.4711
-90.0149,90.0149
25.3930,-25.3930
-85.3370,85.3370
40.8845,-40.8845
65.6258,-65.6258
-3.6077,3.6077
19.1189,-19.1189
16.1086,-16.1086
-75.9707,75.9707
97.6657,-97.6657
-86.8892,86.8892
99.6524,-99.6524
-55.4087,55.4087
-88.3026,88.3026
43.1461,-43.1461
15.9745,-15.9745
-39.2281,39.2281
-32.9326,32.9326
-48.2470,48.2470
-20.6026,20.6026
14.6393,-14.6393
-6.5444,6.5444
44.7514,-44.7514
-43.4885,43.4885
-75.5617,75.5617
11.3041,-11.3041
-85.3058,85.3058
33.0483,-33.0483
92.1267,-92.1267
53.8304,-53.8304
68.0047,-68.0047
-31.2176,31.2176
-20.7388,20.7388
40.9862,-40.9862
-28.8314,28.8314
4.0881,-4.0881
47.5434,-47.5434
-75.8394,75.8394
26.3636,-26.3636
-97.7662,97.7662
17.8229,-17.8229
-72.1612,72.1612
-29.4009,29.4009
-1.5733,1.5733
-50.7032,50.7032
94.1169,-94.1169
-88.7446,88.7446
-41.9401,41.9401
-50.3523,50.3523
93.3623,-93.3623
40.1879,-40.1879
-20.8984,20.8984
-4.8373,4.8373
-81.5698,81.5698
12.8839,-12.8839
-6.9454,6.9454
49.8974,-49.8974
-85.6127,85.6127
-93.4068,93.4068
-17.8564,17.8564
93.9175,-93.9175
-9.7085,9.7085
21.0302,-21.0302
-33.8724,33.8724
23.5973,-23.5973
-10.9756,10.9756
-70.0961,70.0961
-95.7576,95.7576
-69.6138,69.6138
-92.1906,92.1906
-31.1124,31.1124
-9.6603,9.6603
-4.0583,4.0583
26.4443,-26.4443
-76.6825,76.6825
60.0776,-60.0776
-67.2182,67.2182
4.0042,-4.0042
-6.8007,6.8007
-75.3074,75.3074
-62.1209,62.1209
16.5675,-16.5675
-15.8968,15.8968
-11.1929,11.1929
57.6294,-57.6294
-83.5386,83.5386
-86.6824,86.6824
28.5665,-28.5665
-67.4453,67.4453
75.8120,-75.8120
71.1881,-71.1881
90.6810,-90.6810
1.0174,-1.0174
56.6100,-56.6100
21.7355,-21.7355
-69.9200,69.9200
88.3025,-88.3025
60.6895,-60.6895
-47.1455,47.1455
6.2619,-6.2619
-96.5738,96.5738
81.8819,-81.8819
11.2703,-11.2703
71.3498,-71.3498
-28.8406,28.8406
-99.0053,99.0053
-62.4451,62.4451
18.1788,-18.1788
-66.8763,66.8763
13.7299,-13.7299
-95.7305,95.7305
82.0643,-82.0643
71.9751,-71.9751
25.4166,-25.4166
25.8164,-25.8164
-86.5974,86.5974
-71.6933,71.6933
40.2113,-40.2113
-40.4631,40.4631
86.5374,-86.5374
87.4809,-87.4809
45.2249,-45.2249
20.4298,-20.4298
-90.4942,90.4942
12.4465,-12.4465
8.5043,-8.5043
-28.0631,28.0631
-83.1482,83.1482
-1.8129,1.8129
49.4433,-49.4433
45.6815,-45.6815
-11.8673,11.8673
-94.3403,94.3403
38.5566,-38.5566
-46.2216,46.2216
76.4173,-76.4173
0.0359,-0.0359
87.8641,-87.8641
-22.3783,22.3783
-54.5702,54.5702
-35.6401,35.6401
76.3565,-76.3565
12.9144,-12.9144
-73.7340,73.7340
44.6497,-44.6497
-46.1318,46.1318
-3.4857,3.4857
48.9054,-48.9054
-14.3581,14.3581
17.9424,-17.9424
-31.2068,31.2068
-80.1832,80.1832
-68.4095,68.4095
-96.4770,96.4770
-32.3190,32.3190
37.1362,-37.1362
90.3305,-90.3305
-56.8935,56.8935
-80.9664,80.9664
-4.3037,4.3037
-90.4739,90.4739
-28.8579,28.8579
-47.1996,47.1996
-64.6111,64.6111
97.3893,-97.3893
17.5157,-17.5157
52.5185,-52.5185
-57.9247,57.9247
-71.9108,71.9108
86.1806,-86.1806
-81.2679,81.2679
93.3864,-93.3864
59.7797,-59.7797
-17.5706,17.5706
-28.7699,28.7699
19.4680,-19.4680
-67.5640,67.5640
-39.8755,39.8755
-62.1277,62.1277
-14.3206,14.3206
-35.8664,35.8664
88.2154,-88.2154
-16.7267,16.7267
4.3283,-4.3283
-11.2471,11.2471
72.0988,-72.0988
-74.0961,74.0961
54.8346,-54.8346
-88.0041,88.0041
-15.2027,15.2027
27.5853,-27.5853
-92.0749,92.0749
-38.1276,38.1276
-87.5047,87.5047
67.6880,-67.6880
18.2645,-18.2645
38.2780,-38.2780
-43.0684,43.0684
-36.9090,36.9090
-13.8255,13.8255
12.1372,-12.1372
80.4894,-80.4894
-9.9110,9.9110
-67.8482,67.8482
-0.7472,0.7472
15.1300,-15.1300
-49.7328,49.7328
7.9995,-7.9995
-21.5635,21.5635
-39.7873,39.7873
-29.0620,29.0620
-29.9558,29.9558
21.5169,-21.5169
8.3318,-8.3318
-59.8551,59.8551
-13.8437,13.8437
12.1151,-12.1151
-20.2594,20.2594
-14.9300,14.9300
18.4885,-18.4885
-59.1833,59.1833
-84.5421,84.5421
31.9463,-31.9463
-94.2435,94.2435
-57.0343,57.0343
90.2481,-90.2481
96.9769,-96.9769
-30.2148,30.2148
-94.0641,94.0641
30.9168,-30.9168
25.5832,-25.5832
-13.4081,13.4081
-97.8527,97.8527
96.4349,-96.4349
12.5281,-12.5281
30.7605,-30.7605
-90.2223,90.2223
-60.3271,60.3271
-4.3873,4.3873
-93.7302,93.7302
-82.2871,82.2871
-68.6583,68.6583
57.4277,-57.4277
-43.4311,43.4311
-15.5818,15.5818
-38.2739,38.2739
-57.3237,57.3237
99.8803,-99.8803
58.1511,-58.1511
-24.2184,24.2184
-44.8844,44.8844
-68.9232,68.9232
-15.9048,15.9048
-40.4800,40.4800
27.1478,-27.1478
2.9994,-2.9994
94.6188,-94.6188
-33.7238,33.7238
-65.9925,65.9925
88.8933,-88.8933
79.2688,-79.2688
40.3530,-40.3530
94.3180,-94.3180
98.5798,-98.5798
75.7180,-75.7180
71.9938,-71.9938
-3.9329,3.9329
-27.5579,27.5579
-39.3844,39.3844
37.2235,-37.2235
-21.2183,21.2183
60.8720,-60.8720
-3.8971,3.8971
90.4184,-90.4184
38.7233,-38.7233
-9.7710,9.7710
-1.3223,1.3223
90.6773,-90.6773
-96.3981,96.3981
-66.0825,66.0825
-89.3935,89.3935
84.9240,-84.9240
40.9270,-40.9270
87.4718,-87.4718
-67.3900,67.3900
-95.8503,95.8503
64.7847,-64.7847
56.1088,-56.1088
54.2825,-54.2825
59.8249,-59.8249
-15.9981,15.9981
-74.4409,74.4409
55.1050,-55.1050
-13.1138,13.1138
-10.8647,10.8647
-81.0370,81.0370
57.5564,-57.5564
61.9308,-61.9308
-99.7894,99.7894
13.0396,-13.0396
60.4830,-60.4830
79.3651,-79.3651
-34.8451,34.8451
24.2109,-24.2109
22.0145,-22.0145
-87.2421,87.2421
-56.9933,56.9933
15.4064,-15.4064
-56.5327,56.5327
-66.8063,66.8063
-98.0232,98.0232
77.5090,-77.5090
67.1559,-67.1559
58.3551,-58.3551
19.1047,-19.1047
-78.2690,78.2690
43.6775,-43.6775
65.3633,-65.3633
29.7108,-29.7108
-12.4488,12.4488
-51.9485,51.9485
81.5835,-81.5835
-78.8061,78.8061
72.4141,-72.4141
17.8689,-17.8689
98.7624,-98.7624
43.3075,-43.3075
52.3415,-52.3415
50.8109,-50.8109
-84.9958,84.9958
11.8613,-11.8613
66.2894,-66.2894
-44.5431,44.5431
-55.6332,55.6332
34.8054,-34.8054
57.8691,-57.8691
13.5748,-13.5748
-80.6086,80.6086
-25.7361,25.7361
30.0343,-30.0343
11.2616,-11.2616
74.1988,-74.1988
-21.7048,21.7048
88.9103,-88.9103
-46.6088,46.6088
-74.2236,74.2236
-68.5388,68.5388
-1.2621,1.2621
97.7749,-97.7749
-10.4441,10.4441
39.0231,-39.0231
27.6327,-27.6327
90.9656,-90.9656
-45.4703,45.4703
-5.1034,5.1034
85.8414,-85.8414
91.8265,-91.8265
-87.4607,87.4607
-26.8178,26.8178
59.2924,-59.2924
61.3369,-61.3369
-79.1070,79.1070
38.3740,-38.3740
-99.3446,99.3446
-38.4244,38.4244
96.4226,-96.4226
91.1760,-91.1760
47.0244,-47.0244
2.1350,-2.1350
40.5508,-40.5508
-54.2585,54.2585
27.6350,-27.6350
9.8176,-9.8176
69.1000,-69.1000
16.4395,-16.4395
93.0880,-93.0880
37.3020,-37.3020
-23.4128,23.4128
-23.7042,23.7042
-51.8628,51.8628
59.3159,-59.3159
25.8696,-25.8696
62.9144,-62.9144
-89.8624,89.8624
89.2446,-89.2446
72.0525,-72.0525
-22.1412,22.1412
85.7295,-85.7295
86.7126,-86.7126
-39.7526,39.7526
63.1341,-63.1341
65.9094,-65.9094
26.0385,-26.0385
73.4385,-73.4385
-48.8192,48.8192
-96.5704,96.5704
26.4836,-26.4836
-74.0786,74.0786
-85.0961,85.0961
-17.2888,17.2888
66.5671,-66.5671
-37.1071,37.1071
-11.8056,11.8056
-50.6833,50.6833
-61.7821,61.7821
-32.2764,32.2764
16.5593,-16.5593
-40.9233,40.9233
14.9976,-14.9976
31.0541,-31.0541
-0.5798,0.5798
9.5669,-9.5669
-36.0080,36.0080
-46.1136,46.1136
98.1140,-98.1140
-84.3033,84.3033
-3.5625,3.5625
83.6356,-83.6356
-86.4708,86.4708
77.9185,-77.9185
-31.0598,31.0598
-13.1966,13.1966
98.4323,-98.4323
55.6808,-55.6808
47.6154,-47.6154
21.1002,-21.1002
16.5753,-16.5753
65.1294,-65.1294
92.6776,-92.6776
15.2530,-15.2530
-40.9257,40.9257
-86.5846,86.5846
25.0840,-25.0840
-81.2367,81.2367
48.2078,-48.2078
-95.5019,95.5019
42.5383,-42.5383
-40.5205,40.5205
-19.0473,19.0473
53.0088,-53.0088
-60.0005,60.0005
9.2857,-9.2857
-55.5529,55.5529
94.4146,-94.4146
86.0942,-86.0942
-31.9118,31.9118
14.3307,-14.3307
43.6747,-43.6747
42.5280,-42.5280
-33.2964,33.2964
-16.7729,16.7729
-45.5844,45.5844
34.8305,-34.8305
75.9707,-75.9707
24.4267,-24.4267
45.6893,-45.6893
77.2696,-77.2696
-93.1682,93.1682
-19.9466,19.9466
2.9382,-2.9382
58.4240,-58.4240
-20.6347,20.6347
27.4555,-27.4555
-38.1984,38.1984
-59.4113,59.4113
-14.0752,14.0752
76.7560,-76.7560
-61.9569,61.9569
-36.6476,36.6476
-46.4491,46.4491
-58.8208,58.8208
-79.9123,79.9123
53.9201,-53.9201
19.7374,-19.7374
-37.7478,37.7478
1.2661,-1.2661
82.9246,-82.9246
-50.7958,50.7958
61.8143,-61.8143
57.1871,-57.1871
46.9466,-46.9466
13.0032,-13.0032
51.7568,-51.7568
-57.1455,57.1455
-12.7566,12.7566
44.9894,-44.9894
-28.1647,28.1647
28.8063,-28.8063
-11.5595,11.5595
48.1475,-48.1475
-93.6345,93.6345
41.8868,-41.8868
70.5213,-70.5213
-91.3305,91.3305
-97.7853,97.7853
-67.5822,67.5822
73.7674,-73.7674
-86.3670,86.3670
-72.9103,72.9103
-29.8493,29.8493
4.5540,-4.5540
87.7809,-87.7809
16.7918,-16.7918
5.5824,-5.5824
77.4533,-77.4533
-16.9167,16.9167
98.1035,-98.1035
8.7976,-8.7976
-51.0149,51.0149
63.1370,-63.1370
29.5206,-29.5206
-85.4061,85.4061
53.9873,-53.9873
68.0136,-68.0136
-31.6027,31.6027
88.1558,-88.1558
-14.2509,14.2509
98.4355,-98.4355
37.8155,-37.8155
83.7921,-83.7921
-55.1810,55.1810
-27.2418,27.2418
82.1397,-82.1397
3.7378,-3.7378
-56.5574,56.5574
-10.8518,10.8518
30.7074,-30.7074
-23.2264,23.2264
-39.4918,39.4918
67.5051,-67.5051
-75.6865,75.6865
20.9424,-20.9424
96.5667,-96.5667
-81.9632,81.9632
61.5983,-61.5983
-43.8229,43.8229
-26.6720,26.6720
46.0711,-46.0711
-85.5314,85.5314
-10.9410,10.9410
51.0942,-51.0942
-22.8120,22.8120
42.9666,-42.9666
50.6648,-50.6648
-83.2633,83.2633
-59.0920,59.0920
86.4765,-86.4765
-61.9071,61.9071
84.0738,-84.0738
75.0359,-75.0359
40.5985,-40.5985
77.1570,-77.1570
-52.9900,52.9900
-86.7568,86.7568
8.4328,-8.4328
84.0284,-84.0284
-52.7848,52.7848
26.0687,-26.0687
-10.4123,10.4123
49.8333,-49.8333
-43.7392,43.7392
-96.3170,96.3170
-82.2324,82.2324
-96.5401,96.5401
-5.3166,5.3166
70.1357,-70.1357
-98.0824,98.0824
72.3294,-72.3294
92.5081,-92.5081
-60.8850,60.8850
-14.7943,14.7943
-14.1508,14.1508
-14.3478,14.3478
-40.7374,40.7374
-10.7870,10.7870
44.7436,-44.7436
-79.0903,79.0903
48.8057,-48.8057
-49.2649,49.2649
79.2667,-79.2667
-14.3224,14.3224
-90.7160,90.7160
-88.6386,88.6386
-2.0258,2.0258
41.8793,-41.8793
-45.9204,45.9204
52.6321,-52.6321
59.5249,-59.5249
-79.6626,79.6626
87.7378,-87.7378
19.6250,-19.6250
-82.1905,82.1905
15.7787,-15.7787
-91.6110,91.6110
25.1896,-25.1896
-40.8485,40.8485
65.7950,-65.7950
65.5704,-65.5704
91.6122,-91.6122
63.2974,-63.2974
-6.8478,6.8478
86.8171,-86.8171
-2.9283,2.9283
-20.7747,20.7747
45.7456,-45.7456
68.5846,-68.5846
82.8025,-82.8025
79.2533,-79.2533
0.4579,-0.4579
47.5656,-47.5656
11.8702,-11.8702
17.3214,-17.3214
-94.7977,94.7977
42.8549,-42.8549
90.5183,-90.5183
-99.3570,99.3570
-16.1719,16.1719
-9.5817,9.5817
48.6328,-48.6328
36.8178,-36.8178
17.2155,-17.2155
-46.0851,46.0851
-24.9057,24.9057
-78.9727,78.9727
26.9717,-26.9717
49.5908,-49.5908
1.3033,-1.3033
26.5885,-26.5885
36.5541,-36.5541
-6.9359,6.9359
-65.2098,65.2098
-31.7570,31.7570
29.6610,-29.6610
93.1295,-93.1295
53.0044,-53.0044
85.7398,-85.7398
75.4437,-75.4437
7.4990,-7.4990
-12.7494,12.7494
15.8985,-15.8985
-64.7907,64.7907
-7.0565,7.0565
-1.7196,1.7196
-52.9454,52.9454
-69.8449,69.8449
-44.9357,44.9357
64.8334,-64.8334
-28.0825,28.0825
-30.9865,30.9865
-79.8489,79.8489
-44.2693,44.2693
-55.0005,55.0005
32.1684,-32.1684
-83.7131,83.7131
-35.3265,35.3265
72.3008,-72.3008
38.3934,-38.3934
-71.3760,71.3760
69.3224,-69.3224
41.2350,-41.2350
49.2224,-49.2224
44.5606,-44.5606
-57.6815,57.6815
46.1430,-46.1430
-50.0259,50.0259
-31.4995,31.4995
-70.0998,70.0998
65.4856,-65.4856
95.8798,-95.8798
-44.1407,44.1407
23.2304,-23.2304
84.8106,-84.8106
-20.6374,20.6374
44.5439,-44.5439
1.0357,-1.0357
9.1586,-9.1586
85.2044,-85.2044
52.0995,-52.0995
16.1653,-16.1653
-77.8420,77.8420
-83.0542,83.0542
94.4357,-94.4357
-72.1910,72.1910
92.8393,-92.8393
-75.2839,75.2839
93.6186,-93.6186
79.8435,-79.8435
86.0122,-86.0122
-2.1479,2.1479
-51.2013,51.2013
-81.6300,81.6300
23.7981,-23.7981
-71.9322,71.9322
92.6682,-92.6682
64.2453,-64.2453
82.3996,-82.3996
-27.3639,27.3639
17.0210,-17.0210
44.7071,-44.7071
96.0641,-96.0641
-74.1292,74.1292
51.9080,-51.9080
75.7271,-75.7271
35.8880,-35.8880
-97.5390,97.5390
-61.3151,61.3151
-94.7634,94.7634
32.6734,-32.6734
77.3475,-77.3475
-8.0629,8.0629
10.6320,-10.6320
74.6401,-74.6401
83.4275,-83.4275
93.8165,-93.8165
-50.6798,50.6798
22.1656,-22.1656
65.1829,-65.1829
67.4469,-67.4469
-31.3966,31.3966
-63.9460,63.9460
63.7502,-63.7502
6.9457,-6.9457
53.4119,-53.4119
-5.6643,5.6643
1.4208,-1.4208
31.2730,-31.2730
40.1808,-40.1808
64.5368,-64.5368
-71.1039,71.1039
-11.4158,11.4158
-14.1567,14.1567
78.5861,-78.5861
-5.3350,5.3350
-40.3965,40.3965
11.9210,-11.9210
-17.1960,17.1960
62.8207,-62.8207
-63.8388,63.8388
-30.6475,30.6475
91.1564,-91.1564
-61.9060,61.9060
27.8797,-27.8797
64.7164,-64.7164
76.3544,-76.3544
-66.4358,66.4358
35.7219,-35.7219
-17.9003,17.9003
-65.7542,65.7542
-49.3371,49.3371
99.2767,-99.2767
-18.6329,18.6329
-32.5146,32.5146
-49.6969,49.6969
90.8864,-90.8864
28.6769,-28.6769
-22.2936,22.2936
28.9363,-28.9363
83.4490,-83.4490
65.4073,-65.4073
-62.0209,62.0209
-23.0141,23.0141
62.8019,-62.8019
-36.8048,36.8048
74.9320,-74.9320
-20.9232,20.9232
-68.8926,68.8926
35.4427,-35.4427
13.5214,-13.5214
-2.8722,2.8722
47.1236,-47.1236
47.4915,-47.4915
61.5689,-61.5689
97.6393,-97.6393
-79.2088,79.2088
-31.4908,31.4908
61.6781,-61.6781
-0.1887,0.1887
36.4727,-36.4727
0.7203,-0.7203
-39.5238,39.5238
80.7046,-80.7046
29.5750,-29.5750
-85.6974,85.6974
-25.2727,25.2727
72.8858,-72.8858
40.4964,-40.4964
77.6866,-77.6866
71.7247,-71.7247
45.4416,-45.4416
-56.6037,56.6037
62.1610,-62.1610
57.1792,-57.1792
-17.6403,17.6403
78.6218,-78.6218
-71.0111,71.0111
-50.8859,50.8859
50.5084,-50.5084
61.4089,-61.4089
-35.5058,35.5058
-25.1733,25.1733
52.1905,-52.1905
94.7712,-94.7712
-90.1656,90.1656
-89.0487,89.0487
-67.1581,67.1581
4.4923,-4.4923
17.5687,-17.5687
-48.5649,48.5649
-97.3466,97.3466
-17.3031,17.3031
67.5867,-67.5867
-44.1455,44.1455
-76.8337,76.8337
-69.3667,69.3667
-89.0729,89.0729
74.9517,-74.9517
-5.1050,5.1050
6.4394,-6.4394
80.7316,-80.7316
-99.5043,99.5043
26.9708,-26.9708
-48.6038,48.6038
2.1802,-2.1802
84.0801,-84.0801
25.9292,-25.9292
-39.3080,39.3080
-87.2858,87.2858
-74.2268,74.2268
-64.4604,64.4604
76.8887,-76.8887
45.7991,-45.7991
-46.7957,46.7957
-19.5614,19.5614
-96.4245,96.4245
49.0869,-49.0869
29.5262,-29.5262
67.6111,-67.6111
-52.6380,52.6380
-44.6999,44.6999
63.8632,-63.8632
10.9125,-10.9125
-11.5901,11.5901
97.8075,-97.8075
-86.7096,86.7096
-96.0588,96.0588
11.4568,-11.4568
17.8620,-17.8620
-90.0495,90.0495
-99.1689,99.1689
67.9678,-67.9678
-19.0757,19.0757
51.1302,-51.1302
95.6226,-95.6226
-35.6463,35.6463
-31.1505,31.1505
16.2823,-16.2823
7.7354,-7.7354
35.6390,-35.6390
-5.6135,5.6135
-44.5400,44.5400
-90.2277,90.2277
-4.8059,4.8059
-67.8154,67.8154
-69.8497,69.8497
-96.2319,96.2319
67.5907,-67.5907
90.5813,-90.5813
-36.4784,36.4784
33.9921,-33.9921
-51.3043,51.3043
22.7218,-22.7218
81.9267,-81.9267
-3.3159,3.3159
-61.2380,61.2380
-8.6774,8.6774
-4.7538,4.7538
-38.2611,38.2611
3.7736,-3.7736
22.6289,-22.6289
10.6709,-10.6709
11.2193,-11.2193
80.3303,-80.3303
96.4624,-96.4624
-58.2821,58.2821
-61.8775,61.8775
67.7335,-67.7335
13.7232,-13.7232
-6.2252,6.2252
-73.3107,73.3107
85.7932,-85.7932
20.1451,-20.1451
-48.4817,48.4817
12.6370,-12.6370
-10.6109,10.6109
-37.4627,37.4627
99.3082,-99.3082
-70.0575,70.0575
46.3685,-46.3685
79.5996,-79.5996
-3.3173,3.3173
-40.9563,40.9563
-82.3061,82.3061
55.9666,-55.9666
-84.8479,84.8479
31.7349,-31.7349
-98.7445,98.7445
9.6292,-9.6292
25.9625,-25.9625
38.8795,-38.8795
16.9157,-16.9157
77.7258,-77.7258
98.7764,-98.7764
52.6865,-52.6865
-94.1813,94.1813
19.2495,-19.2495
-46.5257,46.5257
-19.8799,19.8799
-15.8519,15.8519
32.9043,-32.9043
-42.5890,42.5890
10.6290,-10.6290
30.2135,-30.2135
78.0554,-78.0554
-22.5331,22.5331
-97.4325,97.4325
-58.5928,58.5928
-69.1398,69.1398
78.8165,-78.8165
-83.1233,83.1233
89.7588,-89.7588
-26.4050,26.4050
-11.6839,11.6839
-79.1698,79.1698
-85.7038,85.7038
-54.5597,54.5597
6.4102,-6.4102
98.5446,-98.5446
-75.2125,75.2125
-73.1869,73.1869
93.8116,-93.8116
59.6154,-59.6154
-99.7481,99.7481
-95.4842,95.4842
98.3433,-98.3433
84.5240,-84.5240
-95.4583,95.4583
38.3198,-38.3198
-82.8099,82.8099
-98.8187,98.8187
-16.2785,16.2785
44.8056,-44.8056
-3.6060,3.6060
45.9579,-45.9579
-58.8313,58.8313
67.0708,-67.0708
-16.3210,16.3210
73.6530,-73.6530
68.8941,-68.8941
63.7089,-63.7089
-18.6748,18.6748
-58.4434,58.4434
-5.6883,5.6883
53.2401,-53.2401
-45.0011,45.0011
75.9484,-75.9484
-43.2065,43.2065
-52.2471,52.2471
-85.4099,85.4099
12.7905,-12.7905
-52.6701,52.6701
-70.4727,70.4727
6.7833,-6.7833
-74.3277,74.3277
-34.4438,34.4438
-40.3759,40.3759
-29.8949,29.8949
47.6722,-47.6722
15.9081,-15.9081
62.7362,-62.7362
-92.5667,92.5667
-74.0001,74.0001
-24.3112,24.3112
-48.8699,48.8699
9.4753,-9.4753
98.1269,-98.1269
43.1902,-43.1902
92.4190,-92.4190
44.6194,-44.6194
52.0550,-52.0550
6.9462,-6.9462
46.2090,-46.2090
25.1621,-25.1621
-87.2415,87.2415
-76.4082,76.4082
76.7375,-76.7375
-43.9536,43.9536
4.4368,-4.4368
41.3269,-41.3269
