22.3185,25.7963
10.8134,27.5945
14.4949,37.6988
17.2515,33.2706
14.2005,43.4102
10.9855,29.7435
17.3937,38.1860
12.4931,30.9732
8.0099,28.2438
14.7271,30.3404
12.9023,25.3744
12.8024,29.0519
5.3677,26.5841
8.9157,32.7052
3.2154,24.9033
12.6263,34.4429
16.3923,25.5863
14.8980,34.1274
8.3625,27.0074
6.6423,35.5424
6.5269,35.0598
9.9775,25.8439
6.5495,30.5963
17.7417,27.5437
12.2271,23.2568
18.1413,27.8610
9.4900,20.0539
20.9621,34.0280
13.1026,26.8455
14.4438,21.1189
19.3903,34.0607
3.8235,31.7639
12.0066,18.7645
15.7193,28.3063
12.0817,38.7863
8.4807,25.9487
23.0244,20.6647
17.5098,31.6386
4.4690,24.8514
15.9920,27.6132
12.4878,38.9749
7.5247,34.1171
14.9137,24.5227
14.9271,37.9281
10.2130,34.4064
16.1588,29.7149
16.0288,28.4173
18.5731,33.2320
14.0442,33.7625
16.9992,30.3855
23.4398,21.4701
12.3121,23.3662
7.2738,25.0977
12.7599,35.8867
12.5953,28.9104
15.4288,26.6033
13.7241,27.4396
12.3470,26.1417
17.1870,31.6019
10.3443,31.0859
14.3580,35.1082
19.2868,27.9514
16.6718,20.4118
15.3286,34.2933
8.2582,32.4003
8.1643,31.3882
8.5427,27.4010
16.4656,26.4373
20.2026,23.2615
13.0856,32.7296
13.1722,30.4658
9.2102,29.6211
9.8746,29.7754
13.8181,30.6818
4.0661,42.3964
5.3944,28.1872
13.2882,27.3709
13.0996,29.1216
19.7964,22.0935
15.1873,35.1806
6.5191,34.5944
17.9774,24.0814
15.4151,21.5019
11.9531,29.5081
10.3778,27.1814
13.0874,28.0517
9.9146,26.6006
7.8244,29.5036
15.5829,21.8944
7.1830,30.2266
19.1955,27.7943
6.2165,26.5496
6.7594,29.2744
16.1978,24.4195
5.1697,29.1888
7.4924,34.8152
13.1094,31.8148
17.8314,40.7031
13.1249,25.5131
14.8115,30.6571
13.0472,32.8981
11.0217,34.3453
11.0536,35.4245
16.8468,32.5374
8.7198,24.9714
5.0883,29.8801
13.5796,34.2609
10.6842,30.4367
14.8517,22.1437
18.3616,30.8462
8.0421,39.4199
7.6017,39.6201
7.8365,30.7653
7.5784,21.5061
5.3077,36.4079
5.9000,26.6868
15.3036,27.4935
8.3627,38.1985
6.2390,21.9424
16.2899,28.6617
5.6171,21.6568
9.9130,26.7811
9.0616,30.7669
7.1318,32.5315
7.4474,36.1631
3.4766,24.8177
15.7889,33.0378
12.2702,33.2371
7.5947,35.8780
6.0896,35.4270
13.4982,23.8518
10.0179,37.6493
10.5325,23.8340
17.4144,35.1345
10.6021,29.2070
16.9776,30.1478
18.9689,29.2496
15.0706,29.8953
12.0832,33.4036
10.4162,28.0216
9.2486,22.6479
9.3231,31.5353
10.6812,32.0400
13.6859,31.3674
19.0651,26.4780
11.1338,23.2253
14.2892,25.1964
5.3189,24.9712
8.0386,23.4922
14.0326,19.5431
14.1022,24.5201
16.3492,26.8664
17.1230,19.6167
16.1039,28.8728
10.1758,31.3352
10.9094,31.6584
5.4948,40.1387
17.0236,27.0187
12.5919,23.4619
6.1639,26.8483
8.5947,31.6070
6.9391,25.8157
16.6674,28.2659
3.1301,25.8505
15.6622,32.7528
23.9066,25.2444
11.2695,35.6613
20.8305,20.0791
-4.0847,29.9953
0.0284,20.6488
19.1545,26.9402
10.3892,31.9454
-0.2171,36.4783
22.4754,31.1934
8.4176,32.3251
16.1709,21.7672
17.9273,20.4936
14.7705,28.4015
16.1638,28.5745
18.7204,35.3095
10.0396,31.0843
16.6121,17.7101
12.0133,21.5224
14.7625,26.8541
7.1192,32.0264
13.7932,34.6669
-0.9877,30.6600
8.0392,24.8582
7.7888,30.9288
9.2522,18.9385
6.5944,21.5479
3.7819,25.9352
10.5637,31.4417
16.0045,35.1102
8.9638,30.3614
4.0907,27.6318
12.6908,29.4382
9.8823,31.9887
20.5758,24.3761
18.7585,30.3002
1.7583,32.4154
18.0751,35.3812
19.7403,28.5912
9.5251,27.4786
13.0787,30.5419
21.0666,32.5659
13.5475,34.4672
11.5371,28.8143
14.1569,24.5553
17.8107,24.4213
12.6498,34.1382
11.4518,26.7629
15.2076,28.6091
11.5568,19.9587
10.5638,34.2262
9.7672,33.7852
6.0032,28.8623
9.1406,20.1840
7.4231,18.2256
19.5921,36.2133
11.3549,29.3066
17.5263,28.7643
14.1693,33.1086
10.2448,22.6168
10.8079,23.6480
19.6185,28.2442
12.5691,25.1777
4.8010,23.2854
10.8135,34.8159
11.5546,30.3488
19.2283,29.0006
12.3407,28.4946
9.7433,32.7098
19.2960,33.8507
22.3065,32.9038
5.6767,29.9467
9.5579,31.9379
12.1935,26.8451
17.5184,30.9455
17.6489,23.0913
7.5759,31.6387
19.9397,29.5385
10.3070,24.6264
5.8736,25.9274
4.7965,29.8472
14.6447,34.1366
5.0318,35.6579
13.9324,35.9776
8.2353,28.6783
13.0016,30.4610
15.5858,26.0274
12.9768,36.0329
12.0719,28.1111
17.5751,22.4280
9.1859,28.0320
3.3915,39.7739
17.3031,31.7512
7.4025,37.9963
12.6562,28.8825
11.3997,29.4015
9.3695,25.4311
18.5221,30.8480
13.2982,25.5403
9.5616,26.3248
11.1139,23.2957
17.6829,41.1353
7.1707,28.8569
10.9932,34.2023
18.7245,35.0305
17.3497,33.9844
18.2807,37.7456
10.7424,21.2755
18.1824,26.9620
12.3550,35.5451
14.5818,31.9033
22.8661,24.7893
4.5596,23.3089
10.8304,24.3023
16.6774,32.3048
14.9340,29.0313
18.1889,26.8631
15.2173,27.6754
7.3222,32.2224
6.2892,24.1110
13.5869,37.0738
7.0623,32.1559
6.4214,32.6998
21.4730,34.5816
15.4018,27.8860
20.3363,31.0534
10.8308,29.7132
6.1730,32.6654
9.4550,30.9565
5.7030,32.5036
11.9657,30.0349
15.6304,37.5441
2.1750,27.3928
2.2648,19.0271
10.6924,27.0148
16.5046,29.4481
14.0384,30.6782
21.8631,39.5589
5.1140,29.8289
11.1888,24.2513
13.9894,29.2750
15.8397,29.0122
10.6852,35.5706
11.6874,37.3580
12.7140,36.9192
19.4614,26.5358
8.6302,42.0988
1.0502,37.1140
8.4954,31.3833
22.6256,27.4362
11.9024,34.4192
12.0618,27.3584
2.9471,31.3032
18.4609,32.1939
9.2644,36.2958
3.1364,31.2684
13.9817,30.8444
10.2779,31.2631
8.0525,33.6912
15.2399,30.4321
8.5505,31.3754
7.6389,22.6191
13.9237,31.3750
13.9592,31.0658
11.0623,25.8976
11.4146,24.4111
8.9754,32.3049
20.1526,35.5159
19.7235,40.2710
13.0866,27.1907
13.7592,31.4210
9.8274,25.7429
5.1277,29.7692
7.3828,24.3067
1.6546,26.7318
11.0618,24.0891
4.8223,27.4940
18.5918,39.0749
18.3788,26.7107
7.5126,25.3298
5.1912,26.1306
16.0807,33.5213
11.7832,33.6769
10.3258,25.1592
13.8259,27.4838
10.2400,33.7215
8.4919,21.7259
11.3383,28.5560
26.3016,34.4590
6.3819,24.7242
2.5476,33.7575
15.3953,28.6767
8.7928,30.3183
8.4694,28.7098
7.3528,31.1636
6.2221,28.1006
6.3959,33.5604
16.9789,28.7802
9.9285,32.1693
10.1170,31.1034
14.4376,24.7165
21.7170,32.5769
13.7164,29.6474
6.3006,40.0595
15.1867,34.4864
21.7316,28.4296
9.2662,27.1129
11.6455,36.2699
12.1982,25.8095
18.6073,30.3834
12.1292,36.5226
5.6279,28.5857
16.6764,20.0954
12.8271,35.8254
16.3564,39.4360
13.4600,30.7773
13.2248,28.0304
1.6281,32.2918
18.8724,20.6626
3.7003,37.1385
12.2263,31.6657
25.2026,27.8236
10.6575,25.1657
16.3052,21.9365
18.6210,34.3609
15.6286,36.2822
6.6821,22.9221
15.4013,18.5542
1.2007,30.3867
6.7074,25.0227
24.1532,26.0363
14.6553,26.4602
12.9415,29.2905
12.5066,24.2686
5.6818,29.0752
5.0955,15.9889
13.5567,21.2262
1.6007,36.1676
10.2741,28.4188
1.2772,35.6272
8.4255,31.4015
6.9602,29.3865
9.0487,26.0046
9.9924,28.2533
7.4737,31.6314
6.6737,33.6493
9.3957,35.4112
22.1781,26.4941
23.6540,34.4249
9.4652,23.9747
13.4101,30.3558
15.4987,34.8807
23.0588,23.6633
5.7866,24.9545
6.8641,24.1656
8.8404,31.3322
7.2940,27.2769
16.1061,33.0770
5.1976,28.7149
13.9420,19.1771
16.5875,28.2701
14.3206,35.9968
0.6943,31.9832
20.1063,32.9969
16.0962,24.1969
17.6562,32.6671
9.4244,22.5211
12.7479,27.1733
15.1645,22.0299
11.1873,29.1704
11.9736,27.6405
8.4558,26.9915
13.6024,28.5392
11.8876,41.2489
13.0868,29.8216
21.8364,35.0560
14.3692,27.2095
12.3541,29.8742
11.8733,23.2891
8.8807,32.7040
7.3985,35.1458
8.3745,23.6763
10.8113,31.1815
17.3428,24.4720
8.5952,26.5617
16.9926,25.9886
12.4914,30.8902
13.5501,18.9655
18.7136,34.6943
17.5636,35.7243
21.7906,32.2446
30.6858,30.2272
12.2536,35.8961
13.4325,21.8896
4.7417,23.0441
10.6209,22.4991
12.0697,24.6161
7.8326,28.4181
13.3452,35.5826
11.7581,34.6284
4.0390,39.2778
14.0673,37.2945
15.1910,26.2760
11.3462,31.8103
15.7968,25.8816
4.5730,23.1602
22.6615,34.5944
20.9499,34.3596
13.4108,26.5622
13.9763,31.1616
15.1083,29.1012
13.7255,19.7770
14.3134,26.5964
12.8477,23.0565
15.4396,23.7292
16.8256,31.4814
4.3173,32.5853
17.2960,36.3489
11.9673,31.4297
17.0866,29.9796
7.8336,22.9317
14.0269,25.1983
11.5101,24.0082
3.8417,27.0654
4.5052,35.1425
17.8748,35.0555
10.0564,34.1092
9.1488,34.5103
18.8840,23.7053
20.9311,24.5362
8.9855,25.2146
23.3865,38.3701
12.9161,29.8768
8.9133,33.6461
6.4657,33.3439
6.6319,26.4099
14.0710,24.7045
16.1034,31.8452
13.4011,33.1011
8.7689,36.7896
8.6669,34.1729
16.3193,30.4203
11.7781,34.5262
13.1331,28.4932
12.4806,28.7444
12.5343,22.8549
16.4837,29.1905
16.5123,31.9524
17.0388,37.7383
8.7226,30.1404
17.1225,34.6287
13.0533,35.0316
4.3692,38.1899
9.0070,25.1488
9.2337,23.7812
15.9436,35.9591
14.3100,31.0440
16.5163,34.6162
13.7443,28.7234
9.5084,30.6633
10.5961,35.3706
6.0904,29.1067
12.7893,30.0408
15.3798,25.4707
6.4549,37.2271
3.1350,32.6465
15.6887,21.6102
4.9096,35.1035
15.0553,32.6813
9.8444,25.3899
10.3664,33.6872
13.3217,25.1674
13.3569,21.1781
9.5002,21.4362
9.4391,27.7911
5.5672,28.6335
16.3640,32.2673
9.1103,27.7388
14.5475,36.7409
23.3803,28.6340
16.1935,38.0729
13.2538,33.6569
11.2008,28.9547
3.5497,23.6872
17.0183,30.2320
11.4963,27.3700
8.9682,29.9383
4.9793,27.9294
11.6416,34.0856
12.7243,33.5761
5.2968,29.0398
11.0736,34.5623
20.0015,28.9119
10.3926,29.3948
11.1948,34.4843
20.8640,24.6355
23.3804,38.6548
12.6475,19.3525
13.2888,27.3187
9.5991,24.0327
11.6141,31.1031
7.6773,29.5034
11.4243,32.7270
8.0425,29.6715
16.1942,18.2944
0.9543,19.6268
19.9223,39.2194
12.3502,30.0683
15.4120,28.5007
6.3945,25.7675
15.0444,27.4153
5.0185,37.0413
20.3545,30.6494
4.6783,28.3875
15.4314,41.1080
13.8328,32.6413
14.6039,24.2464
12.4691,28.6466
9.0268,21.9027
9.2688,32.1478
5.5020,24.9286
10.8900,34.5030
13.6074,32.1840
7.8778,31.4167
20.2086,35.4865
6.2472,31.8964
8.3982,38.8701
4.7432,26.0815
5.4403,25.7919
18.6881,39.2134
18.0040,33.0345
20.5944,24.7238
13.2240,26.8467
1.9330,29.7065
-1.1397,28.9798
12.5604,36.9459
12.1138,28.8374
9.0028,27.5613
19.7939,24.2348
11.7296,30.7773
7.8589,35.6888
7.7611,32.9678
13.2318,21.6776
8.9824,18.8592
13.1602,23.2423
11.7266,30.1971
10.7979,25.6485
16.7681,21.9320
9.4100,24.9214
16.6370,18.4154
7.3335,33.7529
12.2816,31.5145
10.5593,27.6394
7.0173,35.7957
14.3733,23.7447
6.4499,37.4885
8.6939,32.7235
12.9070,25.5320
5.1565,29.6249
11.9124,34.5209
10.2264,26.8388
10.2683,23.5052
12.1938,34.4678
8.0611,29.2761
16.0024,38.3463
8.7734,26.3364
11.3781,27.2931
13.8452,20.2589
7.4725,20.4049
14.3178,29.5067
9.8632,36.4474
15.2242,30.1076
8.6369,23.8342
20.7443,23.2594
7.8597,21.5011
9.6547,38.1095
17.9944,27.2049
11.3783,36.3591
13.1341,31.7347
11.1318,18.8483
12.0914,25.7790
4.6567,23.3330
18.2598,33.0858
9.1336,27.7349
7.9944,30.9145
6.2414,41.8576
8.7936,31.5682
7.9729,33.9660
13.8109,27.7175
17.0171,30.3220
19.8839,24.2935
-0.3861,29.3929
18.1718,23.1219
15.3808,29.6665
15.6308,26.6755
15.0195,33.9417
8.3479,27.6942
9.1522,21.8157
9.7438,32.0407
8.9263,34.1738
-0.3983,28.6077
20.1705,31.6688
8.2475,32.7582
15.2458,37.1324
15.8943,18.8351
17.0442,31.9485
16.9046,26.9896
16.4426,27.2807
6.4376,32.4006
7.3114,32.4649
16.9459,31.8748
11.9666,30.5896
14.2318,25.8700
13.1745,31.9472
8.8983,28.4317
9.2600,31.7971
17.4264,30.4609
4.3209,29.9276
11.2610,30.4787
14.2676,35.3698
-0.2778,32.0490
13.0602,32.9738
9.9156,31.9254
9.6767,34.8093
22.6263,29.0520
6.0315,26.3279
16.9724,29.5032
10.5424,34.0421
15.9097,37.9514
12.9202,26.7599
12.0574,27.1305
16.1107,38.6064
18.5845,27.4966
17.4445,30.8756
0.4168,39.5024
6.2779,18.5603
5.8673,22.8769
8.9508,32.2204
8.6293,27.5317
15.9321,24.2190
7.5074,26.8888
11.9152,33.5646
13.3216,24.9853
12.2555,37.3327
8.5679,29.9105
16.4253,34.6571
10.4243,31.9150
6.2467,30.6107
13.5494,30.9941
12.5017,33.2765
13.4251,22.5566
17.2289,32.5435
7.1237,33.5087
14.1171,20.6417
14.0785,32.6018
13.2428,26.1370
14.2533,28.8242
11.0553,24.1408
18.0655,30.7759
22.3817,30.8369
8.8887,21.1743
9.9577,37.9360
13.4628,25.5823
15.6543,31.8456
9.5413,34.5684
24.2868,22.1289
5.0110,30.7209
20.8254,30.8181
13.8193,19.2508
3.9833,34.5945
8.2533,24.8463
11.7608,29.3856
16.0873,31.4887
9.7095,33.3264
7.5454,28.3427
10.3147,33.0517
12.1191,29.6595
16.9993,33.2375
6.8864,23.1852
8.1786,32.2024
3.8774,30.1582
15.6436,31.7190
10.0568,27.5689
6.2209,28.5998
9.6951,32.3482
14.4546,36.5439
12.1491,33.4768
10.8353,28.0471
7.9687,28.0743
6.3317,30.5313
11.2226,28.9739
11.2843,32.4588
9.6483,20.4793
21.2166,39.5153
14.8642,23.0375
13.0160,39.5687
20.8101,24.7022
7.1228,27.2853
19.7761,26.2031
8.8740,18.0496
14.4130,33.0337
13.5844,29.2255
7.2986,30.3040
16.0641,28.9655
19.8128,27.1408
11.0304,28.3046
5.2325,31.1660
9.3963,25.4350
16.1741,32.5444
13.9028,23.9321
15.6924,27.1394
18.3080,29.8532
15.0778,24.8564
15.9474,29.9267
16.3257,34.6983
11.0109,31.1342
17.5384,26.6076
9.0724,34.7909
9.9214,29.7977
6.4645,28.8942
16.5842,26.7479
14.0708,30.6187
11.8590,26.8197
9.0809,29.8631
10.0297,28.7273
13.2004,38.6399
20.7781,39.0155
13.3477,28.9717
12.6879,30.0410
18.2628,21.3430
10.7123,20.0100
1.2703,23.9828
14.3068,28.2661
8.0913,25.8428
5.3626,26.6895
14.5919,24.9664
17.1894,37.4980
9.1713,26.6369
17.7766,26.0859
8.3080,25.7770
9.5205,25.6685
18.0562,19.9038
16.7892,25.0440
16.1872,26.1725
19.4855,31.6634
13.6670,28.5046
8.4630,22.3555
20.2461,31.8096
12.2298,35.7341
12.0846,24.8116
7.0671,22.7619
11.5658,23.2967
15.1154,32.6566
20.7512,25.3485
17.3166,23.6804
15.1737,21.6502
10.5479,31.8364
9.0772,28.1154
7.7753,26.0399
11.8537,34.4415
25.3186,28.4823
12.4974,28.9680
15.1087,29.6764
14.9422,27.7191
6.7636,28.6819
14.1430,26.7781
3.7022,25.6414
9.4859,32.2279
9.0385,30.3103
13.9777,21.8972
13.6214,22.9778
9.8241,40.4081
16.6978,25.5986
15.0518,21.6419
12.3978,26.1567
6.9867,37.2923
17.1525,29.1869
9.0582,25.8347
6.7663,24.9275
4.8693,37.5303
9.2144,31.2630
13.0282,32.3000
7.4719,31.9104
14.4270,29.6995
9.3285,37.3187
21.4188,29.0748
9.7222,20.2860
9.1346,23.6308
18.7278,31.5736
16.0433,38.0231
12.6828,27.1008
12.0067,28.9584
2.4995,27.9569
3.1083,29.9054
4.4240,21.8892
8.9495,22.4857
11.4767,32.0870
11.2388,30.2963
9.8806,30.4529
9.5500,34.6746
20.8311,28.2313
15.8669,34.2937
16.4101,29.6364
21.6527,26.5634
17.6930,38.2343
7.6767,26.2613
10.2839,37.4287
15.4997,31.7896
24.0951,21.3540
20.1973,32.3857
17.3250,29.1003
10.8022,31.2343
13.7080,32.8647
6.9130,36.6846
14.0606,35.6278
3.2117,24.5102
11.6698,22.4026
13.9882,36.0418
9.1995,26.9839
12.8876,41.3982
12.1205,33.4732
14.1914,30.2150
20.1621,37.6989
15.2449,35.0635
19.8436,35.0130
10.0708,35.1409
8.8263,39.9251
17.0632,27.4636
14.4654,32.3865
19.5487,21.2345
14.9685,30.4588
12.8638,33.3050
14.9786,33.0178
5.0267,25.4742
8.6581,21.3443
12.3750,27.2705
18.5583,27.2906
5.1173,23.7123
3.8747,28.7807
12.2054,28.9712
11.5800,31.8658
19.2701,28.1836
13.2168,33.1710
7.5425,23.7708
19.8477,35.8215
21.2575,30.1195
14.0448,32.7828
5.0062,26.2374
9.3474,24.5026
13.9162,25.2607
15.6580,27.7958
12.9059,29.1254
11.6124,32.3325
8.3251,38.9142
13.7694,24.5364
8.9381,30.8319
24.7793,29.6155
19.3201,34.9623
16.8321,21.8370
17.0338,34.9066
7.3510,29.0499
12.8966,28.2964
2.1589,30.2805
9.7303,22.0173
6.0135,40.2283
13.9072,31.4399
12.5550,25.7952
16.0927,33.6337
-1.1564,31.1487
8.2359,24.7657
10.9626,27.5772
4.6590,22.9281
20.3734,36.1415
7.4678,26.1285
18.1811,32.5724
9.9627,33.4111
12.5194,25.2083
12.2124,28.0845
8.9008,28.2532
24.3646,28.5259
11.6559,23.4358
16.1243,24.5512
14.4520,25.0228
9.3457,29.0459
7.2883,21.6057
12.0273,22.7910
16.0828,30.4801
12.9562,32.5506
13.8918,21.8100
7.4005,24.3535
15.8605,24.9743
13.4642,34.5831
6.1422,30.0232
4.8848,35.5249
5.8295,30.2209
8.1121,27.3439
15.0888,34.7996
12.8214,24.2984
19.3913,26.7017
8.3477,37.6324
11.3926,33.0155
5.7144,32.9754
12.6678,31.4032
13.7070,29.5776
15.1242,25.0791
13.7154,25.6487
13.5816,26.5258
6.7438,25.0508
9.7812,24.7772
6.6772,35.8146
19.3169,30.2026
13.8528,23.2003
11.2050,32.4636
2.2907,22.8219
17.5921,29.2246
10.9416,31.1025
23.5720,26.7039
9.7919,31.5298
18.3949,26.5450
12.5171,35.4264
17.5444,28.6848
13.7580,32.4681
22.1569,21.6911
5.9439,25.6549
14.5485,18.2396
5.2867,35.3902
9.9431,38.0228
7.8102,23.4437
20.2610,27.8587
6.7198,25.3829
2.3674,20.0571
15.7572,23.3072
18.1836,39.9987
16.9024,24.2063
9.8665,30.5134
13.3874,28.4263
16.2967,27.8905
13.7557,27.4620
13.7030,34.3807
13.1725,37.2425
9.7524,25.4100
3.5741,21.8694
20.1930,25.0708
11.0022,38.1913
5.4712,33.7063
9.3241,29.1451
13.3599,21.5952
7.2329,24.5347
8.2001,22.4687
4.7505,24.9105
7.8515,34.8742
7.5147,27.2347
12.2283,32.9108
19.6893,27.9616
18.8841,37.6185
11.2862,19.9471
13.9979,26.0280
17.7610,35.1301
11.2134,28.2323
10.0300,29.6628
19.2878,26.6169
9.2526,37.0451
9.9339,27.1200
10.0722,29.3971
10.8350,22.9638
20.7269,28.2263
8.4705,35.9758
10.7639,23.8655
11.3711,28.8956
15.2860,29.7718
22.0433,32.3110
10.7012,30.8064
14.1943,24.7159
19.0312,34.3876
5.4024,36.5628
15.9690,35.7378
18.0261,33.3133
4.1213,31.3119
20.4578,32.3079
19.7495,30.7531
9.8682,26.3284
12.2736,40.9568
14.5739,41.3101
8.6911,26.1013
21.4017,29.8916
5.7415,23.5580
18.2982,33.7795
16.8254,24.9361
11.3062,33.5417
11.5122,36.0095
15.3535,27.0647
7.1248,31.1289
16.7585,25.7170
13.1101,37.3720
16.2140,29.3430
15.3395,24.1604
19.0314,28.5511
3.5890,32.1099
9.4174,28.1897
14.8564,34.1126
21.1483,22.1920
5.5477,24.8988
19.7514,30.6171
8.6239,32.6821
9.9047,36.1284
10.5933,22.8313
23.0612,30.6926
4.0688,36.4058
10.1701,23.1591
10.4793,26.5112
9.1382,28.4661
13.2229,25.2334
21.9386,29.8529
10.9812,26.1621
2.1300,22.5082
10.5319,18.3359
19.4660,23.5478
18.7191,27.5182
8.2578,25.7062
19.8785,36.5935
9.5519,23.9891
5.0772,31.5872
14.0387,34.8651
15.3983,27.7822
7.1272,26.4755
15.0762,21.8441
16.3408,19.9322
14.1946,32.7802
7.8469,37.4856
10.2336,29.6143
13.9612,27.6297
2.1310,32.3669
10.0668,33.6579
22.0302,30.9178
19.9827,28.3769
12.3981,28.0909
18.6033,29.0723
8.2684,32.1147
15.4051,28.7406
2.7587,20.3979
10.0384,42.5517
8.3681,26.6350
14.3289,39.3003
-2.0063,23.6014
7.6490,30.7796
6.0051,25.6139
14.4138,29.1977
6.5231,23.9158
8.8732,31.9230
16.0513,22.3087
14.3152,33.2273
21.6587,30.7862
10.3514,23.8291
10.1885,27.2797
14.3956,30.1706
16.6976,20.5944
13.2275,28.7591
12.3703,21.8547
11.8432,26.8637
14.5771,28.3862
8.4775,24.9027
4.3749,28.8398
15.9509,38.6761
15.2571,34.4277
12.3107,27.7722
10.7976,26.6087
13.2079,17.9328
8.3239,29.1338
1.6754,29.4365
17.2024,27.4758
19.2071,28.0944
15.6204,36.0460
5.2950,39.1845
14.6470,24.7294
15.3333,23.7853
13.8321,32.8968
13.9952,34.6349
11.1728,38.8942
7.7711,28.4860
23.3425,25.7684
9.9107,35.9794
10.2096,26.7654
16.7234,27.0216
10.7500,23.2936
10.9142,32.9790
22.5751,32.9192
9.7649,34.0662
9.7574,31.8352
10.6324,36.1913
0.1838,24.8616
10.8071,28.4189
10.3756,29.8678
11.8172,28.4297
16.1034,37.6656
6.8784,26.5934
0.8633,33.2015
11.1395,31.3911
11.7527,20.9477
1.7301,26.6128
19.8605,34.1742
1.3896,29.5933
10.8521,35.4402
10.3205,25.8246
14.7417,29.0532
11.2134,21.6775
14.3640,25.4078
13.2887,29.1070
14.5671,25.4802
4.7172,29.8925
15.2602,25.3083
7.0175,18.8202
3.0212,37.0095
9.3352,28.2327
11.9626,31.6822
6.2613,22.6915
19.5823,31.2343
19.9734,32.1162
3.2567,29.9808
11.3355,20.6534
16.1813,29.8466
12.7612,26.7772
16.5109,30.3747
4.9462,29.8712
11.3240,33.7975
12.4579,27.1425
11.4928,32.3316
19.3111,30.2263
7.8483,26.9878
14.7906,37.1094
11.2850,27.1598
16.7118,33.4349
9.1570,32.7125
6.1866,27.4901
4.1491,38.3745
17.1476,28.1471
10.8409,25.1950
8.7250,27.4320
13.8305,39.5462
16.6370,35.5317
12.4983,19.0325
17.0082,35.4396
15.8077,32.3714
9.9853,20.7643
2.3969,21.6379
14.5728,25.2690
14.3691,26.9668
13.5539,26.0126
17.1823,28.2800
12.6886,11.6139
7.5841,32.7058
9.5310,28.1644
14.2469,16.9534
11.4035,24.4118
8.6569,36.2065
9.0274,25.9922
19.6290,18.5884
16.9663,32.7947
21.8276,26.3972
10.0376,24.1183
11.7826,36.0025
16.1115,24.0846
10.7470,35.3895
13.5006,37.8420
6.3219,29.3513
13.2226,33.2776
17.4566,20.4343
11.0747,32.2189
12.0863,30.2813
16.8213,39.1881
5.0188,23.4462
19.4822,30.5686
11.7180,26.5417
13.8949,28.3292
6.7604,25.8111
16.3053,34.3633
-1.4708,33.1891
10.2938,13.9730
11.8198,30.7068
13.5171,22.0682
15.3636,23.0980
13.9772,28.5948
4.8656,27.3564
5.6981,36.2878
1.8499,31.9733
13.2169,33.2151
13.4871,28.2872
16.4882,25.9631
12.3565,33.2326
5.9672,31.4376
13.4465,32.2781
11.9806,36.7170
15.7947,21.0138
5.8118,28.3752
17.0099,19.3399
23.4718,29.2447
3.5752,32.8673
18.2922,29.0224
16.1977,39.1699
8.1825,18.1602
17.0019,19.1896
9.0365,26.7634
14.3927,26.4291
10.8989,38.4232
17.3485,25.5765
14.1307,29.2114
4.1091,42.5393
17.6055,30.0430
11.1459,30.4881
2.9727,29.3700
15.7404,32.3075
15.4547,30.5638
6.8884,30.3660
14.1101,34.2523
13.3851,25.2066
14.3824,22.9751
8.3041,40.3711
6.9221,23.6911
14.5320,33.8046
16.4481,39.5843
12.1095,39.6211
6.8489,27.3776
4.6640,27.0744
16.7109,34.2708
4.7058,31.8074
11.9475,30.8721
10.8317,21.0095
12.1732,26.3218
3.2577,29.7501
12.6604,28.9039
19.0944,32.8366
2.9005,30.0053
13.4177,23.4563
22.5575,30.0199
9.8642,24.1266
18.8084,29.7914
12.6112,25.8674
16.3115,29.5458
17.1230,32.0475
13.6007,27.8729
9.3074,24.6838
19.1825,40.0388
15.3050,25.3828
16.6727,33.9843
7.8463,36.6648
10.3129,34.0603
15.2438,31.7661
12.3166,33.9850
14.8205,29.8185
5.6461,27.5490
8.9652,30.2616
4.0703,27.7860
14.6475,26.2041
8.3713,36.8681
19.2700,22.3645
16.7096,37.1078
3.4880,37.6968
15.5661,33.7576
3.5186,30.2767
14.5738,26.3332
7.8858,25.6341
16.6576,35.8951
25.8271,20.9016
11.7936,25.4966
21.9853,29.7080
8.0570,32.6987
8.3776,29.8426
13.8756,31.6424
11.2233,33.5270
12.3064,34.8799
16.3753,38.0424
8.5435,33.2718
11.3769,23.0517
6.9661,28.2081
13.6590,40.2298
12.3639,32.3759
14.5271,31.4582
13.9889,30.7955
17.1910,28.0913
13.8540,28.8051
23.5862,29.5565
12.8772,30.0397
18.5338,29.6954
13.6354,34.5146
11.9557,34.4923
14.4395,26.7828
16.7031,31.5085
6.8021,26.2388
21.6094,28.3928
9.5696,29.4406
4.7574,34.9003
17.5997,23.5874
16.5848,26.3175
6.7720,32.3234
10.4484,36.1913
10.8691,26.8891
16.3417,32.3249
4.7665,35.4115
4.0787,27.3665
6.3165,27.5822
12.1996,23.9395
12.2487,32.2420
13.8761,28.2718
7.6103,26.0414
5.2937,23.7404
13.4784,36.8312
7.0586,29.2604
16.7890,30.7291
19.2071,29.7301
5.5905,29.4095
10.2596,32.7186
16.9714,29.4141
13.1320,27.1269
20.7878,26.3309
14.3382,25.8365
5.9004,25.4762
8.6069,41.4014
9.5572,26.8887
14.9744,32.4780
7.0154,33.8850
9.7377,22.9228
18.1705,31.5168
10.0607,24.1249
12.1533,21.0468
15.4720,27.3179
14.5251,26.7703
4.1481,23.5300
14.4896,22.0381
17.7742,31.5630
15.3351,29.1895
8.9278,28.4949
4.8868,34.0638
13.1431,25.1952
13.1867,24.1682
11.6258,26.2555
2.9158,25.1109
18.0439,22.4972
8.1657,24.1658
13.5961,22.1656
10.9233,30.3478
17.8559,28.0351
18.6788,26.8725
14.3059,29.1127
13.5576,25.5426
5.6273,26.8640
16.3197,20.9403
12.0539,29.2929
5.8040,28.0635
6.0643,28.6484
16.4174,31.4259
8.3801,30.3961
21.4776,23.1694
14.5158,22.7048
18.5383,37.1099
14.3259,21.8026
13.2653,36.0300
8.5837,37.3325
-4.0572,36.2159
15.1270,30.3846
15.4103,32.0483
2.5589,32.2718
8.5613,34.2404
17.4244,30.3726
0.7271,23.9672
12.7399,38.6326
5.1793,34.5757
4.5143,30.1342
10.1019,22.0293
11.7648,23.0272
11.2140,26.4667
14.8050,24.3152
20.7105,23.3387
11.5127,27.5413
10.4410,26.6464
16.5061,19.9708
13.8402,35.1788
8.2276,26.0100
8.3303,35.5818
12.9408,35.2055
12.9479,30.9704
5.2685,21.8777
17.8849,31.8346
12.4452,28.5735
19.9163,27.9021
11.8008,27.2022
11.1542,26.6443
16.9460,29.2709
8.8393,38.5323
16.0347,25.9826
13.4569,24.1398
12.7593,30.7232
7.7247,33.6511
11.3271,22.5454
6.0843,31.5260
10.8308,35.7547
19.8293,34.6665
5.4939,33.7323
8.9738,27.1349
10.7949,26.2816
5.3782,25.6698
19.7219,32.7642
19.8274,33.5770
-0.6336,26.4064
2.2478,20.7861
8.1750,27.4298
12.1665,26.2806
2.2597,23.9666
14.9877,33.6599
16.1898,29.7001
13.3257,33.6749
16.4050,29.2392
11.7813,19.4705
5.8792,26.9391
13.6830,34.2977
11.1922,17.8797
10.6790,31.2735
12.8721,34.6237
9.2172,36.8131
22.1258,23.7897
13.9479,30.4712
6.2822,26.5931
11.5763,31.2302
3.5111,26.5649
11.7326,25.6778
10.6143,28.5297
8.6353,35.7178
14.7689,32.5639
15.5441,37.0549
13.1733,33.9829
15.7128,19.3272
13.6299,29.2600
11.6132,24.0380
-0.7215,28.5847
14.6684,29.3922
12.3131,27.9982
9.5049,25.9597
13.6327,27.6945
13.3719,28.3720
8.8732,30.5461
8.1067,25.7108
9.5072,33.6442
15.1849,25.9366
16.4042,34.0183
15.0226,30.1078
11.7543,35.3081
10.0551,26.4367
15.3435,22.0700
12.1602,35.1622
10.9691,31.8956
11.5755,35.8973
15.3756,25.3155
8.9630,30.5969
10.9932,40.1010
11.1330,31.4751
20.0666,24.3378
7.6816,34.1091
14.7532,26.4009
9.8145,30.5290
9.3078,27.4428
13.0977,27.1259
15.6867,26.2517
9.6274,27.9555
2.4946,22.3401
7.2327,34.7618
8.1228,23.8754
13.3386,34.9999
0.8368,26.9455
15.0038,30.7837
0.4930,27.3391
14.8735,48.7074
15.1115,23.2120
16.2444,35.3489
0.3285,32.1050
6.1843,28.7209
12.5557,37.4142
18.7189,20.3596
21.5009,26.3581
11.3217,35.9731
6.5614,23.6406
7.6700,27.3256
-1.1380,24.7498
7.7872,26.8537
11.1138,33.1945
6.6287,33.7506
9.5462,36.1339
16.8712,30.7796
8.7613,30.0726
9.4685,35.0613
15.1956,30.2445
14.6781,30.9755
6.9199,20.5005
14.0210,21.1297
11.5112,30.1819
10.1955,27.0183
8.6366,32.0558
9.7452,28.8378
14.2418,35.8972
9.4771,22.1236
7.7007,31.4372
14.2169,19.8549
12.6863,27.9923
22.6925,41.1345
11.3262,33.6322
12.4524,29.9697
15.6933,23.8809
8.7440,35.9505
14.0328,21.7916
13.2042,30.2112
3.8694,35.5646
12.6618,21.8568
9.8534,23.8325
3.8066,27.5393
14.6890,32.8013
18.1135,27.2057
13.9444,31.3032
10.8083,33.0174
2.8937,28.7132
8.6755,34.2310
1.1878,30.8298
18.7194,27.9871
4.9767,36.0935
5.3938,30.5518
18.3044,24.8478
7.3351,23.3213
14.6662,26.7837
7.8323,31.8076
13.3114,29.3518
10.4593,24.8506
19.0299,23.6281
17.5493,35.5393
16.1361,29.4935
11.9400,34.8080
18.7299,26.0201
7.7927,25.7315
16.3842,34.8579
15.4350,18.3317
7.0974,30.4280
8.9103,26.7483
13.4561,37.0629
6.1545,33.6560
10.4775,32.3773
17.7550,25.8933
9.0653,31.6891
2.7989,29.4451
4.6908,25.5405
24.8408,34.8909
14.2485,23.5388
5.6472,30.2046
11.8908,28.1970
10.7451,31.5057
11.4226,22.7950
22.1085,33.3381
14.3067,34.3001
11.1543,36.1974
7.4633,37.2589
12.0186,21.4047
12.0580,25.9723
17.1407,19.8656
10.7868,24.6173
5.2990,20.8100
15.5870,28.7458
8.4493,30.0568
15.9107,29.0056
9.3508,34.1292
18.4077,27.1331
4.5331,37.7537
13.4776,34.3051
16.2925,34.0508
22.3010,25.9752
9.9697,30.0553
2.4275,30.3770
16.3209,24.5018
10.0660,33.5765
9.0406,27.2995
3.9151,38.1506
8.1401,27.9992
19.6280,30.0875
13.7629,23.0184
13.2713,31.0434
9.3392,29.6002
5.4988,25.8175
17.7224,29.8638
4.1738,27.8132
10.2231,28.8144
17.0251,22.0209
9.6527,32.2898
11.1311,28.2589
10.9583,31.8147
17.9895,25.5350
11.7836,31.7369
15.5985,33.6356
11.7782,21.0710
15.6998,31.2441
17.1474,32.1485
14.4995,23.4645
18.9364,18.9259
6.3804,27.6965
11.9776,32.6042
15.5455,36.0438
10.6410,32.6650
2.4866,33.1743
8.4881,28.8831
5.2597,33.4230
13.3320,30.4150
14.7772,28.2852
13.8412,30.3313
4.5495,35.6989
18.4750,23.7228
16.6981,30.0416
7.1171,37.1636
18.7442,27.6158
11.5764,33.1337
13.3674,31.3270
1.5847,27.5116
12.4368,32.4150
7.1805,27.1980
8.0037,29.5377
16.2779,36.0871
14.8868,28.5635
11.6663,34.7522
7.2400,36.3075
7.8894,31.1077
20.3431,30.6012
9.7388,30.7559
15.5380,34.4817
11.7345,32.6506
16.6303,30.6847
8.6814,31.6273
12.7312,37.7340
6.6821,36.1253
13.5720,29.5882
17.9435,27.5716
12.3584,29.6500
10.8475,24.3284
0.4624,30.3917
8.6663,31.5809
4.0169,32.1389
5.4469,34.5518
9.2127,28.2900
11.5576,21.3611
13.6444,34.1085
19.2495,21.3353
8.5057,17.6337
6.2726,22.9760
10.6521,27.1339
18.8035,25.1053
15.2509,31.4144
16.6923,33.8929
9.1299,34.2071
12.6402,29.5651
10.0059,26.4429
12.7886,30.5243
13.6984,22.0264
14.5686,35.2150
15.1422,27.8417
13.4387,29.4569
12.0926,31.3853
10.5463,38.8807
10.0699,29.4564
6.4185,35.7503
19.8774,27.0896
19.5716,29.4736
13.5773,30.4629
10.7435,26.8897
9.1978,36.3674
17.9535,34.8624
7.1224,34.5820
20.2917,25.3063
7.7996,20.7559
10.6325,34.1053
13.0680,37.7486
8.5761,24.7952
12.9663,23.5829
17.1805,37.6635
10.2039,27.0444
10.7310,30.5994
2.1023,36.4748
14.7232,26.9610
11.7317,24.1087
16.2610,27.0682
12.4226,32.3831
9.2142,34.6695
18.6149,28.7976
19.8446,29.9210
12.5848,20.0174
5.9181,32.1729
6.7132,23.6753
4.1537,27.9753
13.5689,30.1852
8.4382,33.0687
12.0634,19.4372
11.7543,24.9695
9.0262,32.7966
7.7589,36.1450
11.6274,23.1433
8.5351,22.9847
11.5750,31.1942
2.8710,28.0615
14.3118,26.5490
1.2731,40.5215
6.1843,26.5631
14.2138,22.7367
14.1417,22.3846
11.4608,23.6499
11.2103,25.3400
11.4017,33.9526
8.0341,17.6669
15.8906,23.6907
9.4477,28.5160
11.7827,31.1808
6.9314,31.0358
4.4518,19.7583
6.6378,27.9810
17.0979,25.9499
10.2162,29.1864
6.4980,31.7363
23.2719,25.3358
17.9631,31.7990
10.3954,25.2537
12.6154,33.5725
12.5159,36.1501
17.0364,21.7466
11.2812,24.0939
7.7943,27.7254
10.3006,29.1314
3.7399,26.8274
10.2982,26.6410
16.2845,22.4293
19.3904,34.3632
21.8164,28.5935
12.8107,34.4546
10.9215,26.9144
7.8351,21.9439
11.4956,26.8259
13.7975,31.8885
10.3454,33.3355
8.8284,23.9853
7.2547,28.7323
17.9527,26.2623
11.0373,29.1689
14.1002,36.1033
3.9584,37.4163
16.4634,30.9395
15.0102,35.5129
10.3883,37.5282
11.6579,30.0884
13.5392,38.8425
19.5536,29.6317
12.7352,27.8144
13.5517,19.6690
18.0627,34.3873
15.2642,22.2612
7.1368,31.8104
11.3814,29.5170
11.6428,34.3853
7.5932,30.7301
10.8202,30.4849
2.1281,26.7775
10.2997,30.0895
14.4913,21.4047
9.0482,20.6432
9.1871,36.3793
3.9448,18.2158
19.6419,24.8378
17.2271,25.2316
5.9497,33.9836
8.7192,29.7175
15.8664,23.4876
19.4302,30.3655
8.2440,43.0247
12.4878,21.6531
7.2559,32.6363
18.8416,23.9912
12.6434,30.0825
11.3115,22.2882
19.0044,28.1871
11.2180,29.3308
11.3174,22.2677
14.5175,26.6119
9.8851,34.3367
13.9678,31.1478
14.1160,25.3713
13.7871,26.0756
10.8914,23.7944
10.7357,32.8443
2.9243,26.8206
13.2882,33.1841
7.6667,33.0460
14.4077,32.9328
5.8941,27.2847
11.5259,28.8271
10.7616,23.4451
21.0110,34.9719
11.3810,26.9004
14.7134,29.3058
17.5482,23.1190
4.1572,27.9153
23.7031,25.6172
17.8157,27.1042
12.7627,21.2154
11.7204,32.1057
17.9671,32.2179
10.0114,28.2837
9.3562,25.3189
7.2472,25.0003
11.8156,38.0112
8.7515,37.0386
16.2455,21.8218
18.9784,34.1939
4.8059,21.2049
15.6149,23.9089
16.4288,31.5435
10.4862,33.5636
11.1887,32.3008
6.1948,34.9066
6.2147,31.2781
10.9877,30.4924
11.9758,30.9085
11.8275,30.7486
17.1004,24.9353
6.2478,26.4781
15.9224,26.7552
12.0393,29.6206
11.5535,29.4290
16.1309,25.9739
3.2687,34.1201
9.9793,28.8830
6.8816,27.9706
10.0218,23.0075
10.6760,29.5149
5.4429,25.4175
21.8990,29.2209
14.3116,24.5435
1.5845,22.3318
6.2972,25.5892
14.5867,51.4066
13.2251,18.5850
11.2905,21.0385
11.4200,23.2436
6.3782,29.4443
18.9203,30.2766
11.7703,20.2234
19.9795,30.3712
10.0060,34.3262
16.1217,30.4815
11.5669,31.2704
26.9823,26.2491
7.4066,24.8328
10.3871,25.9621
8.4954,30.6097
17.8310,22.8175
8.4843,32.8917
14.2020,24.3428
15.2017,25.0988
18.0350,22.1611
3.1442,36.3514
10.1879,40.7716
1.9297,23.7078
8.2666,31.7373
18.0412,30.0027
12.9782,26.0603
4.8647,27.5685
10.3092,18.5872
13.3788,23.6091
19.3462,19.9137
15.3449,29.5542
-0.5751,29.6895
7.1844,31.0530
7.8292,23.7918
3.6726,38.6285
16.9720,31.0259
8.1594,31.4740
7.4633,26.5900
16.0498,30.5256
17.8053,35.9845
5.1596,28.6040
14.7971,33.8111
-2.3982,27.1001
20.3981,30.3147
11.5167,29.4474
11.9724,37.1936
3.3923,34.3690
14.6168,28.4731
8.6106,26.0168
9.1100,27.5012
12.9916,22.9036
10.2263,33.0980
10.9227,28.7140
20.2874,31.0167
13.0009,26.4298
18.4748,25.3663
10.4471,30.3481
19.6750,30.8044
17.1249,26.7577
22.6168,33.3324
9.8512,27.2585
1.0328,29.0759
15.4630,34.4804
20.0026,36.7109
8.9689,23.0413
12.4522,35.6519
15.1877,24.1872
12.2380,29.3650
9.7125,35.4873
14.8138,22.0020
3.1926,27.1059
11.2154,29.1558
8.8896,23.4141
7.0547,35.1251
11.2792,31.6956
7.1080,20.9045
20.4875,31.1386
9.0964,33.6221
17.1659,22.2103
10.0597,21.7394
15.2688,30.1112
17.3284,35.0215
15.7036,27.0605
10.2557,26.9991
10.9604,32.5887
8.9175,36.5526
8.2718,32.0260
4.0476,27.1261
15.5313,32.1275
4.1519,35.3702
8.7260,34.6254
10.6949,31.8223
16.6726,26.4593
13.4069,21.3025
16.9914,25.2142
13.8942,27.0763
10.3375,40.0780
15.4136,22.3755
14.9735,32.7307
11.2546,28.6729
0.5941,21.8266
15.9350,27.6478
5.4048,29.6062
14.2614,28.9765
10.6079,33.3826
4.8796,28.2182
15.7043,25.6877
24.4441,30.2503
12.1567,20.5209
4.7407,29.0555
9.4283,23.5389
10.8674,32.6140
13.6341,29.5093
11.6650,27.5120
4.4396,26.5354
18.5469,30.6747
8.0997,31.5267
3.0091,38.0716
14.1092,23.9808
8.7927,24.0619
10.2208,33.2121
11.9591,19.4209
5.3774,28.5278
5.4755,33.3266
0.4409,31.5746
14.7106,16.5008
13.0093,30.5561
13.3715,35.9769
10.2417,24.2278
10.6752,29.0837
8.2796,18.0982
10.7818,24.4384
15.2118,28.2704
10.5629,30.3978
7.2798,26.9080
10.7673,35.9416
3.1429,19.7226
16.1099,31.0349
1.1954,32.6864
16.8426,30.0625
13.4470,31.3553
16.3757,29.9434
15.8528,34.5405
16.7845,22.8202
20.6118,38.8125
5.8513,26.3997
8.5756,29.3168
21.3482,28.8371
9.2616,24.4390
9.5451,35.4941
10.9606,31.3264
23.3921,31.9813
12.3539,28.6942
11.5868,22.4585
9.4394,33.0956
7.0820,26.0231
9.5998,22.0994
7.0119,33.8129
14.0013,42.9717
11.7430,20.7255
24.2303,32.5815
6.4843,27.5004
10.6013,31.5802
7.6149,30.4365
23.2021,30.4783
17.5130,17.2861
3.9670,31.9121
16.3768,33.8372
5.3665,32.2736
7.1466,32.4127
2.6844,18.4380
16.2316,28.9008
4.1670,20.2176
4.9944,33.6256
13.1493,37.2242
19.3484,27.4428
13.5446,27.7252
13.9520,31.2502
12.9741,36.4966
11.7043,27.0831
10.0882,27.6494
16.2666,32.8651
16.2979,26.8232
5.7632,35.6114
15.2258,24.3075
15.7787,29.6344
12.4829,34.2181
10.0556,17.2627
10.6587,37.0198
9.4186,33.5577
13.7818,25.7290
14.5585,30.3540
11.0313,39.1372
11.9044,38.2161
12.9367,27.3321
22.0079,32.7755
13.2986,27.4260
11.1061,39.7329
6.4467,28.9133
18.4125,28.8938
11.9540,33.5477
16.2954,28.7810
8.1209,38.0971
19.7855,16.1372
12.6339,28.1689
16.6038,31.1375
9.2281,29.7309
3.2575,25.8817
4.1280,39.6780
17.4372,40.5702
10.8051,27.6245
15.6879,24.7376
10.9684,24.7990
8.6081,19.7196
19.1897,22.3035
11.6116,24.3242
12.1201,37.9177
12.8173,26.4780
8.9832,30.3357
6.2652,30.7091
18.0243,27.1846
17.1858,33.7059
16.0146,31.3862
6.0236,32.7227
4.7221,23.4720
15.9668,28.5236
10.5571,34.8023
13.0549,23.7910
7.6292,37.2698
19.0505,30.5924
0.3117,27.3256
19.5035,31.4975
16.9231,35.7337
12.6512,29.9382
12.9749,28.3965
14.0622,20.6797
3.5655,31.5787
14.9821,23.3308
17.1576,23.8490
8.7082,24.0539
13.1682,31.5801
13.1129,25.9764
10.2468,24.3942
20.5486,25.6464
10.5272,32.6514
9.5234,19.6498
17.4165,16.2100
8.1050,28.3745
19.6744,25.9001
13.9725,29.4821
16.6966,30.8427
13.4723,31.0955
19.5798,27.5876
13.9855,30.7554
9.7201,22.6324
9.8515,34.2699
11.1646,19.6902
25.4696,32.0312
14.5861,23.7020
19.9660,30.7007
9.8683,25.5008
-0.3575,34.4266
19.5547,34.3387
12.7955,27.0072
7.1641,34.7624
5.1008,30.1195
13.6907,32.6960
15.9935,34.3530
11.4786,31.2771
1.4821,24.8161
4.2209,29.3689
5.5332,23.6318
14.9749,27.3721
11.1855,33.0412
9.8036,26.7824
10.3144,28.2791
16.0435,34.5134
16.8091,22.2580
13.4370,32.4822
16.7648,38.6600
13.2925,33.7396
11.3110,28.9595
25.1067,29.5138
16.3187,25.8370
8.4406,28.2510
15.3527,32.7623
7.0877,28.3435
5.6644,25.1586
9.9525,36.1254
16.2962,24.4008
10.5600,33.5107
4.2987,32.5941
18.3141,25.6895
10.3343,26.0627
7.3248,31.6882
12.8068,28.6480
22.0366,31.4955
13.2830,28.0585
5.8446,25.9630
7.7933,27.2406
14.1913,31.0244
6.6894,22.9547
11.7875,34.4620
14.2601,32.5512
14.2826,31.1994
8.7007,41.0824
13.7938,32.3680
5.6631,25.8020
8.8344,24.9006
18.6979,35.4565
8.5587,39.1004
12.9382,29.3997
8.5080,30.8978
11.8896,33.4447
16.4558,33.7054
13.1454,34.4304
12.1421,27.8858
18.2199,30.3089
7.9668,32.5446
9.9119,28.8285
7.7812,36.7703
13.1607,32.2492
14.5478,33.5692
12.0540,32.1207
2.7442,30.3592
20.5341,29.1626
18.7831,27.3179
10.2885,38.1666
7.1933,32.2970
13.0561,31.0759
12.7295,25.5667
7.8854,30.9814
10.4596,26.6896
6.5114,37.4253
3.3274,24.3606
8.4694,24.5708
15.0352,29.6797
12.2920,29.1273
13.8034,24.1848
2.8032,32.9063
16.2881,29.6937
14.2407,34.5396
5.7824,34.4562
11.9106,33.2113
16.2111,21.4595
0.4874,29.0013
9.6148,28.8181
8.6940,34.5924
17.8928,27.2639
3.5372,33.2789
16.4567,39.2076
11.9692,33.7071
13.4778,25.7501
6.5226,26.5166
11.4661,35.8941
6.0598,25.4642
14.9556,30.1817
19.5026,28.2393
14.5644,23.8753
8.7920,21.2382
5.5206,22.4751
8.6556,39.0486
14.3142,30.2511
11.1988,31.4646
14.6961,36.6015
11.7859,25.5511
5.1428,26.2450
15.3642,27.6232
15.1338,39.1695
10.0446,30.0619
17.0080,29.1611
15.3924,32.0136
13.0088,37.2473
9.1399,26.4704
11.3289,28.5210
5.8401,29.9122
6.4423,26.0380
3.2326,25.9611
12.6570,36.7502
16.3722,27.4151
9.3753,21.9338
15.8123,26.8524
13.9100,25.4878
11.9698,25.7645
5.6320,33.9517
22.4481,32.4050
10.1008,22.3186
11.7261,24.6964
7.4232,23.1017
11.8602,21.6533
16.7567,28.8846
8.6299,28.1376
15.4326,32.0008
6.1676,37.5072
10.5766,23.5445
10.7008,35.3906
22.1291,22.5750
19.8247,33.8624
6.4937,34.2969
12.3855,36.7277
13.1414,35.9690
16.9402,28.9555
17.1714,35.2056
19.8282,26.1377
8.0867,36.3241
15.0846,31.9590
12.7552,28.6799
14.2266,35.2661
11.6399,32.6511
10.8833,22.2150
8.3553,24.8270
8.1132,24.6724
15.4900,22.4283
14.0627,24.7307
5.4441,30.6723
17.8428,18.4128
6.6614,27.3203
20.0003,23.0994
11.6410,25.3003
13.4365,22.4979
12.1356,29.2510
18.3941,37.1144
14.6175,28.4610
9.5212,28.4928
16.7262,24.5273
16.3734,29.0822
13.1107,32.8350
18.3201,26.7350
8.6235,30.3081
19.4204,25.6583
8.7341,37.1414
13.1153,29.6477
13.8332,29.2132
10.5874,28.0774
14.8987,42.6404
18.8621,35.5946
28.5409,36.7125
12.2891,32.0634
17.5110,17.2520
14.0824,27.6664
11.7547,36.2009
14.0781,32.7800
8.7009,22.1371
11.1700,25.9658
13.2979,28.7625
15.6231,30.9509
7.3412,20.4528
11.0111,29.5528
15.0363,34.2612
5.9615,35.1516
13.7165,36.0284
3.7872,26.3196
11.2150,30.5669
7.1807,32.5538
17.3905,21.1742
24.0961,29.1742
24.4637,34.8129
18.2097,36.1686
15.9876,32.2417
11.8934,31.0254
11.3777,22.0953
13.9881,26.4717
0.4652,30.1943
6.7147,30.1163
7.1788,27.6496
17.9352,28.8743
12.0543,25.4180
13.3753,31.3130
14.1498,39.4765
13.0780,30.7616
14.5407,36.6837
13.9486,35.4271
18.8730,26.6674
12.2985,28.5825
10.8219,34.4386
10.8207,33.8129
16.5248,27.8663
19.2385,38.2573
20.2974,27.5323
12.7105,30.4403
8.0643,28.3136
7.5553,25.9078
7.1075,39.3267
2.8860,31.1279
5.6428,29.6355
9.7689,27.4208
8.3977,28.9731
10.1173,30.3373
14.9530,36.0809
19.0029,21.7528
10.6694,32.5176
9.2335,37.1413
11.6187,23.8096
16.7121,26.3683
11.2910,31.3037
6.8630,29.2350
19.3851,35.2638
19.0050,19.4735
19.5668,34.4413
5.8916,30.8804
17.0945,16.8351
8.6791,23.1744
13.3390,30.5613
9.2676,24.7533
19.6905,38.2080
8.3552,34.1056
12.7172,39.4280
19.2213,28.8225
8.8139,31.7977
11.0971,30.1864
10.1535,25.4250
10.8453,20.1673
4.6534,24.9403
5.3514,25.5363
10.1928,26.8162
10.0273,32.0612
19.5285,29.8096
7.8703,44.6672
7.1200,27.0809
12.7410,36.8997
6.2586,24.8752
14.4516,32.2426
14.8332,29.5033
21.8221,31.8417
11.6945,17.8360
23.2763,33.0155
13.4393,37.0999
12.6208,35.3894
17.7609,25.4128
7.7467,26.7835
11.5728,29.1365
9.5313,29.7279
2.6510,33.2309
4.4386,22.4512
17.2274,27.1625
-1.5779,27.1178
12.7145,27.3126
8.5360,42.2069
18.5656,31.7302
15.5626,34.6166
6.3154,30.6728
16.9935,36.1820
16.5256,28.9960
19.6859,31.0547
13.5133,20.7576
4.5605,30.6541
16.1902,33.1839
11.6905,29.4925
11.7092,25.1609
2.6781,19.4532
5.7373,23.6807
13.9351,33.6765
13.9300,21.3425
7.4629,24.0300
11.6637,30.6894
11.5234,28.6419
20.2017,37.4111
12.9414,36.6980
-0.1150,27.0971
12.4376,24.7315
16.0015,29.4191
16.6236,36.2664
12.8214,27.1198
14.4239,25.4619
12.5840,22.9186
14.5900,36.1538
10.0290,30.4451
17.4091,26.0348
5.3233,30.5199
20.8615,31.7570
7.1834,43.8926
5.3494,30.6984
6.8735,33.3518
8.3908,31.8952
13.5198,24.1121
15.7242,33.5027
7.8987,30.7899
14.8611,34.0414
18.0563,31.8194
9.6800,28.8209
12.5565,25.8464
10.0187,21.9656
19.2349,27.2246
13.4701,27.3520
9.6093,33.3711
21.0794,21.3030
17.3947,31.0586
5.8771,31.9115
9.5555,20.4454
14.2811,34.3710
-0.5595,29.8058
10.5583,30.7946
7.9722,28.5764
15.2312,29.0762
7.8431,25.4571
9.0016,29.1977
6.0063,30.4077
19.9324,30.0742
10.8071,33.5211
6.3470,24.1497
11.8394,31.5232
9.6164,26.5217
15.1467,29.2533
11.7723,27.2567
16.3415,40.2619
8.4004,37.7313
1.4456,31.2313
11.6611,32.7168
18.2506,26.4413
5.2458,28.1903
15.1259,21.0302
10.1408,31.4573
16.0991,28.5706
13.2044,30.2064
15.6019,22.5069
14.7187,26.3471
10.2662,31.8547
6.4347,32.4453
17.4435,25.6060
12.8513,25.2236
10.7970,29.3660
9.4293,23.8972
19.0986,36.0460
15.2470,35.6537
4.4034,34.0743
6.4785,21.6378
14.0522,28.8243
8.4862,24.5350
2.5409,31.8074
9.7978,31.8053
8.0839,31.7230
14.7308,23.3458
15.3610,25.7587
9.7930,37.4730
10.8794,37.4672
11.1663,26.0245
13.5732,27.4604
10.8996,27.7653
6.7596,33.3635
11.9535,23.7835
8.8742,35.2173
5.8886,37.5742
9.7074,36.3055
11.2770,29.3438
1.1414,27.6342
6.4290,26.4745
16.7699,26.4843
-2.4594,28.6246
13.4641,33.8790
2.9483,21.9156
10.7257,28.4743
9.2710,22.6427
12.6183,20.2240
7.7666,30.3367
13.5886,25.0700
9.8692,32.6007
12.7063,36.6203
11.8139,31.1757
13.3790,27.7706
20.4442,32.8498
20.2950,28.4518
8.6807,33.5961
5.4287,34.5852
10.4042,26.7713
10.8572,24.7181
11.9321,28.2899
13.8130,35.8489
15.6186,22.2892
4.7826,38.2813
15.6911,29.0380
6.8954,23.4589
17.6311,32.2792
9.8232,36.3794
17.1547,32.6950
5.8292,29.6345
11.2246,24.2113
12.5649,35.0177
8.9416,32.6425
10.0620,30.4634
8.3636,24.7770
15.6460,38.2215
13.6837,27.9217
7.8424,21.9830
10.4782,27.2298
8.6553,33.2751
24.5687,26.1939
12.8407,25.9555
13.6461,25.1109
10.3151,32.8875
9.2442,29.3789
8.3557,30.0923
5.1330,32.1487
11.9451,33.8459
13.9688,28.3662
12.1483,32.9709
15.9963,35.1769
6.1199,25.2753
8.0269,33.3026
4.0631,35.4186
5.5534,24.9691
12.4456,27.3299
13.1370,28.0135
20.9603,27.3289
16.9108,23.3655
6.9327,23.7239
8.4607,28.1686
17.2438,29.1452
16.8584,31.5648
17.9221,32.1270
7.9064,28.8403
14.2062,28.3467
11.7943,30.5908
12.4798,31.1875
16.2471,30.1782
12.6722,30.7152
12.9149,32.2608
12.5420,30.7698
20.5371,28.3335
11.0542,29.2285
7.3912,30.6752
8.5162,23.4607
16.5998,29.6501
7.3176,34.2936
15.5566,24.8150
4.2704,36.4102
5.6798,20.4934
1.5732,28.3388
18.8819,24.3377
13.4892,31.6917
-2.6646,24.9397
10.7735,36.5542
13.4390,25.1784
4.1929,35.0116
9.4843,22.5526
3.1395,26.2978
9.4601,25.6525
11.4939,24.9800
15.5365,26.1332
15.1392,33.3578
16.9218,26.6402
3.0688,33.6993
9.7440,32.8793
12.6340,33.4875
4.7510,38.8381
11.2440,31.3331
7.3077,33.2087
9.3214,27.2524
15.7162,31.6840
11.1698,23.5344
14.8816,22.6689
11.4943,30.7907
14.9292,33.0156
12.6513,29.2793
11.2922,23.4245
19.2791,32.1955
17.5508,27.8247
12.6952,24.8126
5.4103,31.7488
16.2813,34.0125
10.1966,30.6271
12.6959,33.2556
13.6911,36.4910
15.3502,26.8623
5.4894,25.1833
4.5753,35.2617
19.9312,39.4629
10.6632,32.2784
6.0202,34.3815
8.6124,23.8971
9.1221,25.1955
11.8346,21.7015
5.2216,31.5292
18.0280,28.4338
16.0799,35.9789
15.3411,29.5338
8.2924,34.2457
6.8647,28.2436
10.2139,19.4799
15.6554,37.7156
1.3198,33.5975
13.0064,29.6051
21.3371,22.4574
10.1746,24.6010
13.8234,31.2973
9.1469,32.7885
15.2088,29.7707
12.0362,24.4584
12.3200,28.0966
18.4552,24.4660
17.8880,28.0244
16.4663,33.8847
7.7038,34.3241
14.8332,26.2147
19.1378,30.6756
7.8562,28.2656
20.3767,18.9226
11.4685,23.0831
16.2503,26.4769
13.6648,33.6847
15.7413,34.9210
11.6244,38.9765
12.5145,28.4818
18.7072,29.7101
12.5103,23.6046
18.9235,35.4415
17.5505,26.5790
13.3896,33.6819
17.8013,19.9277
20.5408,25.1453
12.3017,32.0969
14.4524,35.3908
16.0830,28.6930
18.8902,34.5651
11.3782,28.1851
10.3179,34.4443
11.7544,31.9888
7.2881,26.4114
12.1091,25.2740
8.2820,31.4826
16.2021,39.6835
12.7096,24.3947
13.3461,26.8713
10.2018,31.2395
9.3118,38.6311
17.9149,35.3262
17.7685,35.0087
15.8476,26.8566
16.9400,20.1599
15.0023,31.5970
13.1472,35.6639
5.4213,28.4618
9.9062,27.9270
6.8248,31.6263
11.6628,36.2670
14.1997,20.0418
9.7425,27.9426
6.8945,29.9683
9.2095,29.2770
11.7428,24.3532
7.1622,32.5825
21.8416,31.6137
15.0721,19.9281
10.9714,26.7746
13.4142,34.1531
9.6430,25.4494
8.5836,25.2646
13.2646,36.1675
13.1001,36.7799
8.7270,26.2072
14.5312,22.3942
9.6988,31.2138
12.7560,25.3068
4.7128,33.2602
7.7664,34.8371
10.4091,26.4374
18.3006,33.3482
12.0772,28.8725
15.4205,30.5552
6.3653,37.7963
17.0611,24.6516
13.2536,33.0140
18.7451,27.3291
8.7786,25.4721
9.3698,37.8761
9.2598,25.7364
7.4104,29.4113
5.5113,38.8529
8.7800,25.8348
8.2103,29.8874
11.5161,24.8573
7.5442,28.9388
10.9733,25.5970
9.1519,25.3930
9.8663,25.5979
17.9673,29.6863
12.5144,37.6316
13.6618,34.3629
21.0323,25.2307
11.3506,26.3882
12.9992,34.6447
17.6040,26.8696
16.7822,26.3905
17.3592,30.3754
7.8125,30.4333
11.2213,25.9951
15.1151,33.6711
6.4704,42.7116
14.7075,32.4370
11.8158,31.4166
2.9843,29.0977
14.2819,37.1201
1.9903,32.5814
14.7376,29.2651
10.2946,30.6657
12.8317,30.0247
10.1342,31.0170
15.0320,22.9352
9.1320,27.2930
17.3426,36.3236
19.8400,35.1955
17.7291,23.5618
14.3667,37.1582
9.8969,29.8851
16.1076,32.4411
2.2154,32.9344
10.4327,36.8232
14.5852,28.8662
20.6123,34.7542
7.1445,33.4726
7.2135,23.0713
9.7380,24.4553
1.2406,19.9445
2.4646,39.5136
16.3170,34.4294
13.6193,32.0940
12.8801,21.2443
11.6392,35.8595
7.1472,31.4975
15.6541,17.9446
7.6841,22.1833
17.8847,30.1748
9.5068,30.2163
10.5405,23.5519
9.6499,31.7448
9.8319,20.6700
11.5014,19.2625
11.0663,27.1058
8.6619,34.0688
14.2883,26.9201
12.8963,35.4362
10.7141,25.4453
4.5853,32.4077
23.8759,30.1171
9.4383,24.3043
9.1202,26.8688
13.6523,30.2443
8.4559,27.1001
12.9961,28.6343
17.4670,16.8748
7.9019,32.1725
7.2174,44.5121
10.1131,28.7909
4.4244,35.1193
13.4766,30.6145
8.9046,25.7914
5.9272,28.4029
7.1031,35.7032
7.4838,28.7506
18.7582,32.7102
17.0620,21.1596
3.3976,39.4504
8.4332,31.0964
-0.4969,26.9539
9.3485,32.8083
8.4919,35.5907
11.8466,37.4795
18.4415,40.2989
21.2391,33.7735
9.5697,31.8130
14.3661,28.8389
11.7721,30.2171
12.0919,31.8034
14.6054,29.5619
3.5105,37.1301
15.0566,20.4568
12.2627,32.6882
9.5263,32.2808
10.1230,33.1942
9.0236,42.8585
3.6600,27.7302
21.2145,31.3515
16.4911,26.8868
3.1657,36.0430
18.8408,42.1309
10.1711,34.1105
10.5560,29.0607
5.6144,25.9286
12.1517,31.1806
18.8627,29.2616
11.5082,22.7507
6.1897,33.0833
12.0196,21.8104
8.7052,16.8693
6.6787,27.7173
3.3659,31.2242
19.7753,30.0508
11.3198,27.0464
5.6733,35.7487
11.1928,20.0208
21.9603,26.9436
7.2644,39.0930
12.8546,29.8495
6.6664,19.4269
12.9375,23.9466
12.9225,35.4404
13.8448,22.2417
13.3000,22.0334
7.0235,25.5822
17.9750,27.3488
13.4482,32.5526
16.2415,26.4663
6.9285,35.0094
-0.3949,24.9184
10.5173,33.7168
15.2249,31.0970
11.1190,26.6606
9.7612,36.7212
8.2256,35.7308
16.9057,29.9428
15.8776,28.1810
19.2189,31.2792
14.4872,26.0921
13.8502,26.1219
7.3926,33.2218
8.7351,29.8571
10.7564,31.8607
3.1516,25.3641
4.2989,29.3826
0.4189,31.1179
15.2027,33.7724
22.0792,30.6547
15.4599,34.5129
14.7487,23.1092
8.2810,38.4508
4.6916,25.9014
12.0436,24.9739
9.7645,31.8451
18.1175,38.5088
17.7678,29.0873
14.0633,28.8606
4.1913,28.9534
22.2858,29.6457
13.5580,29.6539
6.3884,24.7226
10.5805,24.9120
9.7327,33.4959
10.9184,35.4624
11.7912,37.3278
14.3527,24.9925
4.7417,28.9681
7.3431,31.9744
4.8535,24.8548
7.1326,30.4017
12.1282,26.1332
15.4060,35.0277
7.6953,32.9199
18.3262,32.3022
16.6944,39.4749
4.3773,32.5677
15.2495,33.7053
15.5887,29.7069
11.7506,24.4711
17.7854,32.3997
19.7451,37.1845
7.5243,34.7098
17.0765,38.0526
4.9371,33.5562
9.6585,34.2269
18.6713,25.9310
13.4762,34.2520
8.5187,38.5298
1.7705,25.9678
1.8413,29.0436
22.9444,31.8500
10.7980,33.8751
4.1491,25.6415
5.1948,26.8688
14.2173,31.4482
7.2987,25.3157
7.7302,19.5434
6.3133,38.8976
2.0953,39.0661
16.1288,25.2067
18.9650,36.4639
8.7543,23.5246
12.3496,32.8831
10.4785,22.2583
4.7728,23.4503
14.5836,21.5420
14.5886,20.8852
5.3098,32.1942
8.2701,25.4534
9.7980,28.4557
6.4165,26.9769
7.6349,35.1704
14.7026,24.1981
3.8069,26.6765
5.5545,37.3517
17.1381,29.6422
10.7802,33.0855
18.3100,34.6054
1.6720,30.1071
8.9176,34.8286
9.1872,28.1980
10.9069,35.2462
12.2626,28.2309
12.8069,32.1932
11.2481,28.6253
12.5157,22.2434
12.7125,26.7552
1.8603,21.9986
21.9258,28.8268
22.0861,22.5664
20.0774,30.1961
11.0228,35.6145
20.4542,30.0284
17.1691,33.0575
19.5508,28.6817
9.1701,19.6553
13.6542,36.3856
10.9195,21.4323
6.2707,31.9469
12.4326,24.9474
14.8697,40.8935
17.2112,27.4059
13.5312,31.4687
11.6241,32.5656
15.0224,35.7903
7.0410,34.7601
12.2925,29.9222
10.6407,32.8837
16.1174,30.1112
16.6460,26.2496
16.0949,28.8972
16.2092,27.7280
2.8843,36.6328
9.3019,27.3489
14.3542,31.0861
8.5728,21.0824
13.6618,22.4379
15.5284,28.5826
3.9896,31.2544
13.3260,25.5881
13.2923,31.8770
14.3211,33.0462
6.3010,36.0779
21.3872,38.4181
11.6037,31.4750
8.0464,21.1451
10.6214,29.6671
13.0300,26.5049
12.5607,26.0690
9.8326,21.3534
21.9609,32.7923
12.7305,23.1534
16.6218,32.5004
6.1223,28.0119
11.0086,27.1474
15.9946,21.1769
6.1026,30.2933
5.1658,32.3660
4.8138,29.1743
12.1185,28.7720
7.3607,22.5105
11.6737,28.4587
1.6675,34.3455
20.1859,29.1035
11.5299,20.6909
17.3352,32.4542
17.9956,25.6009
15.4075,23.4653
9.8031,36.7810
10.4254,31.5940
19.1003,25.3843
18.3724,27.5227
10.3846,32.0912
8.3005,30.5826
16.4335,34.7996
7.8328,32.2935
12.9621,24.0894
20.3988,25.8678
4.2980,32.1188
8.5902,32.7581
18.4442,38.8895
15.8343,36.3748
12.8780,33.7823
9.8679,30.9188
4.6637,27.3666
12.1462,31.9736
23.2488,36.7426
14.4799,30.3837
15.5728,30.1986
18.1207,29.9981
6.5460,24.8197
17.0106,23.0397
13.8070,33.6045
11.3590,20.7872
6.1257,23.5891
15.6279,35.1640
8.4774,28.7788
23.5225,26.9672
10.0523,31.1075
5.4666,27.6179
17.4739,35.3267
5.6657,22.5985
9.9478,26.9541
20.5730,33.6509
13.7811,36.3902
15.1574,24.6218
15.7085,22.9055
19.3366,36.7649
10.5394,29.2576
4.4600,37.5540
13.6025,34.3914
0.2810,31.5632
14.6133,30.8296
13.3510,35.7774
8.6146,26.1311
11.3493,30.8518
4.1486,38.4165
17.6822,31.0639
5.0986,29.4564
13.0066,30.4783
13.3233,34.8077
8.3645,20.1918
12.2622,34.1820
10.8628,27.5712
10.4541,29.0819
20.9654,39.5017
19.9467,29.5718
11.4904,28.7079
12.8916,34.4915
10.1653,24.9234
12.5103,32.6284
13.0521,28.5156
9.5120,30.3309
12.2196,26.9209
11.7945,35.7618
11.0201,33.6455
1.6513,35.7426
5.6342,26.5095
12.7460,33.6333
6.1012,26.3620
14.8681,24.7523
12.7595,40.8910
8.0504,32.0088
16.9361,25.6805
9.2651,25.7398
16.4751,31.8963
16.6863,35.8169
5.9926,32.0388
17.8424,29.3501
8.4004,34.4085
12.6931,36.2384
8.8842,30.1162
25.8648,31.4956
15.1108,28.7286
8.2154,29.9274
13.3207,28.7025
14.5912,28.4546
7.8976,27.5726
4.8661,22.8473
11.7760,19.4459
8.3048,22.2765
16.7293,29.0483
5.4992,15.4161
9.7878,26.8237
13.8626,34.1494
16.7910,35.1731
4.7688,37.5195
4.1476,26.3928
8.2035,32.2159
9.6825,27.8887
11.8298,32.0371
14.2740,28.3224
8.8085,27.1449
20.2029,32.9027
3.4522,28.9165
7.2714,18.9671
12.2153,31.4986
13.0733,34.0699
21.9578,24.8538
11.2930,26.8039
13.7663,21.5268
8.7888,25.4438
7.8856,32.7890
12.3928,27.4091
13.0183,26.4618
22.0665,27.3385
13.5823,36.5383
14.8485,34.4179
17.1925,23.6070
15.0861,38.2528
10.7542,32.4149
7.8699,31.2407
6.3805,41.9666
19.3466,32.8829
8.6782,26.6041
13.0631,32.5995
6.4616,27.6415
12.3704,29.3964
17.4137,32.9076
8.9247,31.9682
8.1883,18.6909
9.2606,29.7339
8.8597,21.8185
11.1055,23.8777
8.5091,26.8915
8.0887,37.4193
8.7561,31.3304
10.5228,28.4940
3.4620,37.2435
11.1537,34.7005
17.4434,39.3784
19.2781,37.1553
15.0634,33.1213
13.2266,29.1273
12.2838,29.5764
12.6886,32.8787
7.9076,34.4917
11.8257,27.4192
9.7727,18.4859
16.9656,28.3651
4.1204,32.8666
6.3693,28.5558
9.3976,25.4053
10.9816,26.8911
13.0096,25.0584
19.0211,27.4612
13.0779,24.1593
7.9097,29.3027
11.2942,32.3964
3.0868,28.6739
15.8797,26.4015
13.1097,31.3783
20.5348,33.6147
5.9231,25.2865
8.9960,23.9900
9.6653,33.0294
14.6471,29.8183
7.7274,37.2882
13.5191,23.8023
8.9026,20.1067
12.6510,31.0849
12.1616,29.4474
10.7864,27.9947
12.4563,26.7877
7.8220,29.9801
11.1687,30.0900
10.9192,22.9286
7.1825,28.5865
3.6384,30.6037
7.1226,26.8090
17.9922,29.5406
3.5162,19.3602
12.4813,29.3910
13.0983,30.0764
14.4386,37.5595
18.2600,28.1410
12.7893,24.0120
4.6214,27.1686
8.8616,24.4053
12.9652,28.2055
18.1534,32.3717
15.0277,25.3240
19.9053,28.1184
15.9087,20.5229
12.1356,16.5220
8.2654,24.0878
6.8495,26.7191
12.1845,32.4076
11.3044,32.1840
13.5695,31.1368
18.5620,28.2197
12.1150,23.5108
4.8011,27.0976
8.5404,30.6313
16.5060,29.8277
16.1718,31.0051
2.0912,27.8018
15.3834,23.2563
22.5506,35.1948
13.7863,31.9019
13.7860,36.3039
16.7228,34.7272
14.1435,34.2845
19.7528,39.4198
13.0653,20.3834
11.0377,33.0388
10.1372,41.0072
15.3175,26.9259
12.6167,28.4946
3.9832,28.5579
4.7999,28.5063
12.4167,38.5763
5.0244,28.2980
12.4891,34.9835
15.8893,29.0615
18.6406,29.6989
15.6136,27.8095
9.5940,27.4644
12.8482,32.0199
4.6200,33.4075
18.3367,33.8498
13.4696,26.1857
8.7842,34.9541
12.2415,33.0407
11.8463,26.3946
4.1262,23.9561
9.2817,26.6166
9.3642,17.0533
17.7848,27.4946
12.9975,29.0325
7.2459,24.2321
22.5691,33.2350
6.6928,29.5023
12.6191,32.1341
9.1970,29.7024
17.3530,38.0307
17.4825,27.1961
18.1131,33.2633
6.1048,34.8727
9.7352,26.5432
13.0204,19.9803
14.5492,24.6525
12.2105,28.2440
13.1611,37.0914
15.8048,41.0236
12.0716,32.2683
8.7944,29.7922
13.7664,25.5997
4.4129,26.6012
14.1284,31.8016
4.6885,34.9599
14.9628,31.1267
8.9479,37.1707
9.3598,25.4278
14.0122,26.9894
10.2520,36.4632
26.8501,21.1753
10.4075,15.0716
10.3834,23.5809
11.8146,37.7688
10.8320,32.2680
20.2174,29.1027
15.8974,36.7070
11.1634,39.6444
15.5649,27.7303
11.2023,18.3115
7.2110,35.7918
8.4770,20.9663
21.4720,35.4524
14.7701,34.2467
11.9357,18.1156
17.8170,35.5264
19.2245,34.0958
14.3048,29.4432
13.7465,25.8423
10.6364,25.4448
7.5120,22.6788
10.3691,26.9778
7.8641,21.5590
-2.4102,27.8606
9.5800,20.2851
6.0935,28.9873
13.3579,28.5020
13.6024,28.5349
6.7887,23.9047
10.5587,28.4975
11.2562,30.2101
8.1440,26.1360
17.4755,26.2641
19.9974,35.5746
11.6590,23.8805
15.4524,32.3235
8.1757,31.8901
11.9618,24.1577
10.7661,23.0044
8.9519,35.7851
6.8732,37.1154
10.4148,31.9428
13.6500,29.4816
8.0596,34.7804
20.9324,31.8137
19.1652,28.3748
12.1707,15.8575
7.1290,28.8765
13.1949,35.3857
19.9009,20.6314
9.7862,37.2726
16.3088,32.4337
3.9419,29.0210
8.6608,35.0121
16.8841,27.8768
15.7657,38.6735
14.0972,29.8885
16.1736,32.8804
5.8380,19.0348
10.8718,23.9870
12.7569,30.3511
12.2394,27.0604
14.9300,25.7672
15.4092,30.4012
12.1531,30.2102
15.1375,27.6023
7.3498,33.3657
15.4906,24.4218
15.8823,27.3348
7.2307,29.5393
15.9755,27.9872
10.1398,26.6483
16.9875,19.5332
19.0802,24.9873
17.8252,29.1469
8.6381,36.8372
14.1703,23.5192
13.8625,24.2679
7.3999,26.1941
20.9129,28.1844
13.9505,27.5093
10.3775,27.2935
8.9128,28.3443
12.6765,28.4408
15.1231,26.9282
16.3432,34.3645
10.4960,30.5892
17.4517,26.2644
15.6166,35.2871
6.5267,30.0423
9.3222,28.3490
22.5620,25.3997
9.9076,27.3845
10.1286,26.3120
20.2702,27.7276
14.8957,27.8248
13.7969,36.5668
11.7737,32.1002
8.4221,27.5638
1.7308,27.1615
14.3127,26.0951
11.2405,32.2856
13.8327,29.7654
17.6343,25.8871
12.2296,32.5336
11.9228,30.5885
9.0129,25.8071
9.2715,33.0683
13.0443,28.7417
10.2381,28.6338
4.4277,30.1283
17.4466,32.5905
2.8825,24.3209
13.2152,22.8987
10.4599,35.5206
13.6912,31.2175
4.4012,29.0515
11.8576,32.3398
17.1531,28.8357
19.5063,30.5677
14.0422,23.7569
18.8824,28.0437
2.9467,29.2961
9.8237,37.1415
13.2439,29.8587
20.9654,31.4865
9.8331,39.0896
16.5823,31.6394
1.8512,33.2082
2.6727,40.5083
15.7224,22.9918
17.9846,26.5063
4.3401,36.5033
15.8612,30.9851
10.9640,34.8526
11.3105,32.3007
11.8407,27.9975
16.9547,40.2718
18.0187,26.4322
8.6013,37.2060
2.4582,32.7076
11.3168,34.5089
14.4618,37.3701
8.9173,39.3632
11.7836,35.0962
12.6733,32.6481
22.6539,22.8603
13.1996,30.8963
13.5902,31.4094
5.0188,25.5114
10.3694,29.8403
18.5761,32.9485
5.5452,29.0734
6.9538,23.3332
10.2962,23.3536
12.7381,29.3095
9.9250,25.4147
7.3270,36.5708
5.6701,27.2685
17.1391,37.5076
14.5761,33.8988
-3.7004,33.1265
16.4934,36.0788
7.6959,29.6956
8.2735,28.3370
22.7356,36.2928
12.4536,37.9600
5.4888,36.0332
12.2192,33.6663
19.4585,32.1921
9.7371,31.2131
8.6703,27.2166
6.4542,33.0101
14.5743,27.6715
11.8644,33.6445
3.9995,34.3965
6.2717,27.3528
8.7476,23.1450
16.3791,23.4192
8.7823,31.7950
9.2052,30.4258
0.5010,23.5584
11.6215,21.2666
12.4495,33.3389
15.8870,31.9048
8.4867,28.5041
8.9276,22.0065
22.2847,34.3955
8.5884,32.7873
12.5068,35.4239
10.1996,26.6111
16.5370,29.1244
8.3337,35.4553
10.9294,27.6697
12.4989,31.0735
12.2396,35.9599
14.2252,24.0100
3.3072,30.0893
8.1242,27.8815
17.3560,23.2247
7.3696,34.5973
6.0736,31.0083
11.4978,28.9777
19.2242,33.1352
13.0369,32.6890
11.7086,33.7035
5.8199,35.5876
9.1849,16.0878
14.6660,29.1467
17.0950,28.9266
8.5485,28.5694
18.6539,28.9999
24.1674,35.3646
20.8450,25.1893
5.4878,26.5163
10.3541,37.7411
6.6293,31.3791
15.9161,33.7657
15.6592,32.2330
13.9056,33.6491
16.4728,31.2903
7.1026,32.7228
9.2022,26.7775
15.1296,31.4872
2.7190,23.5766
9.9237,25.1669
17.4784,33.2670
14.5149,30.2129
18.9199,21.4582
8.6184,37.1769
19.4058,34.9379
8.3907,19.2206
3.0080,27.9435
13.8273,30.9115
13.8363,26.8561
1.0685,28.2617
10.1256,30.9907
11.8231,26.3191
19.2414,26.0237
1.5093,23.2134
5.2744,28.3817
14.1369,30.3232
12.0138,26.4903
15.2070,33.9101
20.2419,27.9354
15.0416,29.2007
23.7854,27.4159
4.4983,24.9390
1.4559,30.9828
17.9142,35.3406
3.8849,28.3739
8.9497,33.1056
14.8054,29.5447
16.9958,27.0276
4.7934,23.5262
9.8123,35.4487
13.9628,24.1369
6.4415,27.0307
12.5583,32.2410
14.1510,23.9320
18.9959,25.0559
4.8344,30.4664
13.4670,31.5935
25.3302,36.7124
17.0403,31.9099
2.2781,23.5354
18.5445,27.1897
19.6133,25.7220
8.4094,22.3080
5.6327,26.3794
17.9237,27.4408
11.7362,31.8109
11.9844,38.3992
12.1870,27.6117
11.7155,30.4328
16.8780,41.6597
14.2600,31.7305
13.0643,24.4608
23.7598,27.5994
11.9081,18.0165
17.2293,16.8259
16.0236,36.3212
16.7924,30.6983
13.7854,43.6506
2.5246,25.4961
0.7726,32.3841
13.9083,34.2987
3.9789,35.8006
14.5640,31.8685
15.4400,36.2130
15.4667,28.4908
6.8902,34.9925
18.6608,38.7758
14.6974,18.9634
17.1631,25.9335
16.4129,29.1904
10.6358,28.6107
6.8810,33.3151
12.4633,30.9205
9.4398,34.9184
12.3095,25.3829
9.4095,32.1871
16.6166,18.0167
18.1660,23.3167
8.3355,29.8060
13.8523,26.1679
15.4006,23.2273
5.3781,24.3606
17.1983,25.9677
19.2559,31.8240
9.5231,29.6492
5.4788,25.2315
7.0299,27.3330
19.3126,33.4817
16.6446,32.5868
12.3311,32.8739
21.6561,36.6492
10.3253,38.2227
11.3311,27.3839
18.4087,23.7541
9.1630,32.9693
15.5873,29.4549
14.5307,30.2062
13.2097,35.9828
4.6879,33.8480
12.5485,36.8579
7.0161,28.8193
10.0235,34.2152
11.6180,27.3768
4.3992,32.4387
12.0393,23.7985
12.6968,29.5083
12.0025,36.8732
8.7092,32.7943
8.8165,31.5617
14.3683,26.9896
8.9463,27.8513
15.8266,35.5837
4.5261,26.1335
2.5872,24.7813
11.8414,29.0963
6.1791,34.6776
4.1910,32.8414
8.0362,24.3422
12.9771,28.4054
11.1386,24.1967
13.4478,36.9096
10.7388,33.0621
14.4310,24.3056
7.9674,12.5527
6.8204,25.1635
26.1965,27.3224
13.7150,25.1929
16.0138,34.0806
16.5430,25.5340
22.7057,31.0047
8.5171,24.8853
9.9913,35.8861
22.5031,30.5698
12.3664,39.6270
6.9349,37.4813
23.4795,24.2073
13.8583,30.9290
8.7572,27.0453
16.7222,30.2920
11.5693,36.0827
11.9006,24.8468
7.4321,23.3955
3.5898,30.2918
16.2790,31.2567
8.0315,29.7902
15.5140,38.4566
12.8244,23.0369
14.0450,31.7737
8.8014,32.6528
12.5322,26.8212
14.2939,36.2327
14.2567,31.5154
7.4812,31.6037
12.4325,26.4084
15.2930,30.8168
10.7378,32.6953
9.4975,38.1899
14.8369,32.5427
16.7020,26.5324
15.8197,27.8613
17.1835,32.8232
8.9410,26.5557
14.0632,25.5621
16.0788,30.1750
9.1916,38.2765
16.5330,29.9890
15.1101,37.7761
14.6565,41.8028
12.7821,33.6685
13.7341,30.4272
13.6003,28.3659
12.7549,37.2876
8.1018,34.2678
14.5103,32.7235
10.7834,21.1941
14.7638,27.5569
4.7552,27.9457
14.5020,32.2399
14.1722,31.8169
3.2305,26.7349
5.8761,29.5904
12.2955,33.3369
10.9118,27.3815
15.3160,30.5835
16.8669,23.7585
14.9632,30.2852
10.9844,34.5718
9.4176,19.9092
4.6268,29.9528
12.1335,28.0205
14.0715,23.1758
2.8446,25.7377
22.1947,21.7950
12.1953,31.3747
7.8960,26.7732
10.7321,30.4247
8.1080,24.6001
10.9895,29.6932
15.5733,32.0939
5.7174,27.6245
6.9202,30.3063
9.2978,25.8834
18.3317,29.8899
5.5920,30.1209
21.1272,35.0590
21.3744,34.3559
11.3731,32.6284
15.7656,30.5955
15.3896,22.2178
13.1332,28.5956
4.5607,25.3858
11.7128,27.0696
18.5050,32.9447
16.6371,31.7316
9.5564,39.9738
5.4917,35.3773
11.1854,26.4651
15.4382,23.0845
17.6341,30.4311
10.5661,38.1310
11.1485,30.5650
10.8204,28.8796
8.2472,37.1224
7.0138,29.5075
1.1073,31.7039
11.8528,24.5351
2.1271,33.8409
8.8198,33.4080
2.9252,31.6801
11.6099,34.5926
14.7695,42.2809
9.7499,33.1467
18.0717,26.7764
10.4867,31.6669
22.9445,28.5972
7.1451,24.6238
22.2610,34.0390
2.9938,25.6515
2.4913,24.8233
18.3340,30.0373
11.6171,27.0192
12.1067,31.2012
12.5662,27.1917
8.9317,35.1767
15.7159,22.7208
13.2005,23.1293
13.1841,23.3140
9.8703,25.1460
12.4578,34.0156
14.7431,28.4675
11.6067,28.9344
6.4125,30.7818
14.5048,30.2403
12.5437,27.6770
7.5127,23.7286
11.9519,33.6518
3.2643,23.5497
12.2552,22.1413
-1.0905,27.2663
9.2709,21.1249
16.3012,28.2171
11.0944,29.8699
13.7366,39.2871
5.6126,35.1051
13.7831,22.3255
14.9841,25.2603
14.1507,33.2866
9.9681,30.0893
5.2549,25.3368
16.0379,27.9910
18.1474,25.0366
25.2948,30.8448
10.1937,27.0975
9.4888,29.6401
13.9252,23.8017
9.5407,32.7205
16.0188,24.9504
21.8370,23.8247
14.1841,26.3758
8.9309,29.6691
5.4007,36.9413
12.7141,27.0026
10.2856,31.8745
8.7395,32.8947
3.3715,37.0040
9.5492,38.3854
4.4783,27.4256
17.6009,30.6183
7.4531,25.7449
12.8835,27.2342
21.2023,45.1475
5.6780,27.6194
8.2647,34.8536
11.2291,42.9934
7.5283,30.1433
24.4603,28.4277
16.6602,22.7471
15.1432,33.6305
16.0625,32.6114
10.7554,27.9887
9.3893,24.5334
8.3925,24.1564
16.6239,30.6052
10.2129,34.0347
9.4680,18.7935
7.5583,30.1160
8.3972,32.6943
10.8595,33.1838
7.7929,34.7333
13.6279,22.0509
9.1679,24.1101
7.9776,28.1598
11.5484,32.7989
13.7761,28.6063
8.4656,30.6843
10.8884,28.5049
20.0598,31.6368
13.7251,22.7664
15.0661,31.6700
16.3926,34.1439
17.1000,33.0603
21.9922,29.5303
20.5055,24.4958
16.0400,28.7159
10.5646,33.1479
11.6471,27.9456
12.4132,26.0739
9.3291,29.0092
15.1203,32.9505
13.7678,33.0198
18.7570,33.7840
11.5927,26.8251
13.2802,28.0791
8.4292,25.8664
15.5755,25.9250
12.7859,28.4326
19.3770,21.2613
21.7070,30.0193
2.9368,33.1459
21.4394,35.8890
17.4857,37.4078
7.2341,39.1814
12.1704,29.9622
9.2835,27.8042
9.6741,25.2255
13.4181,31.6674
16.1461,25.8988
11.8782,38.9240
13.2936,30.7956
15.9718,27.6929
17.1355,29.6819
14.8474,26.1530
14.6189,27.4915
3.3512,32.3672
20.7310,27.8311
20.3201,41.9172
13.9868,26.7646
9.1195,29.0484
9.0596,31.1570
20.5934,26.7077
12.9074,27.7411
17.6869,29.2237
3.1539,29.9252
9.3354,23.4841
13.3821,25.0087
7.3556,29.4413
7.7437,34.4120
4.5955,37.0901
10.9255,33.5013
7.9164,30.3527
13.3883,26.1181
8.4493,36.6600
4.2151,21.4655
5.1663,26.2316
20.4451,27.6706
11.6632,25.1229
16.7315,41.8885
14.0472,28.9034
16.8020,30.4970
10.1141,30.5819
7.5014,24.2272
22.2522,35.2778
16.6921,25.9650
21.5164,29.5326
17.5121,24.2465
5.6643,39.0342
15.9142,19.5246
15.1286,29.4369
11.8521,35.8847
19.5506,29.7890
13.5832,35.0829
6.1176,40.5468
12.9642,23.0135
4.6457,34.2712
17.6212,31.5204
17.8745,34.4138
6.8759,31.8171
11.0719,26.2718
11.7997,31.0413
10.0201,34.5812
13.1804,37.9537
11.6381,24.5479
20.4339,20.4403
4.1847,32.8937
10.7160,32.8514
20.4172,29.0744
6.1498,35.7916
8.8160,28.8746
9.5662,32.9224
6.4810,30.5423
20.2099,25.9630
3.7464,24.0926
14.5913,42.4856
15.5877,28.1832
18.2793,19.1901
3.0815,24.8009
16.3424,30.4764
17.1980,27.2925
16.3549,22.3369
9.2085,29.7304
6.8374,27.7016
8.6675,25.1281
15.2294,30.6033
12.3688,31.9603
11.9860,39.7836
8.8400,31.4837
18.1701,25.9939
15.4309,24.1991
11.7077,29.7471
14.1268,21.1250
14.9343,26.5094
19.4998,33.9421
9.6914,32.1552
11.9091,28.0561
13.5080,30.6286
10.8500,27.5751
10.8083,30.5082
13.4054,24.5500
15.1884,30.8892
11.0105,33.2268
9.2182,24.4445
18.7936,31.5787
8.2120,30.5031
12.7406,25.7162
8.1996,22.7181
10.3784,34.7444
17.1899,38.2050
