-39.2793,-1.2842
-39.6196,0.4400
-45.6833,0.0295
-40.3863,-0.5253
-47.3907,-9.5784
-39.8212,-1.2243
-57.1223,-3.3536
-39.2465,0.2919
-43.4564,2.9679
-38.8754,-2.4128
-34.4168,4.5658
-35.8152,-8.5192
-43.3173,1.2437
-40.9271,9.4841
-43.0546,0.3169
-52.7570,6.3050
-42.5607,6.5077
-37.7500,-7.3929
-44.5467,-0.5489
-41.7529,0.5072
-40.7988,1.3424
-47.8811,10.7262
-45.5452,-4.1443
-39.8339,-10.0200
-38.9367,7.5589
-44.1748,2.6217
-50.6501,-1.7959
-50.1355,-3.1107
-34.3382,1.4716
-32.9289,-1.0352
-44.5536,8.8407
-37.2744,4.9577
-47.4545,-4.4328
-44.0096,4.1472
-46.9855,-4.8863
-42.4420,0.9393
-46.8489,6.0397
-44.1554,6.4395
-49.8996,-0.0321
-45.2613,2.7685
-40.0121,1.5668
-41.7903,3.5328
-42.7362,1.0534
-37.5159,-2.1382
-39.5961,2.8476
-42.9037,10.1236
-41.1473,5.0229
-51.3374,8.2198
-41.5683,-7.6893
-43.0582,-6.4447
-37.1665,-3.6289
-50.9443,2.8317
-49.6739,6.8966
-44.2045,0.7428
-57.1118,10.1039
-30.6865,0.9934
-38.0475,3.4768
-39.7951,13.8223
-47.2018,-2.8496
-40.4219,2.3858
-41.0579,-3.2684
-40.1947,1.5789
-45.9396,2.7012
-49.1581,2.8409
-50.2685,6.5844
-40.8921,6.3518
-36.3143,5.6806
-47.7297,-0.6039
-44.0032,5.1021
-31.7013,1.4822
-44.8295,1.2181
-42.2654,1.7867
-39.4218,8.0887
-46.8792,7.9405
-43.0466,4.7156
-39.4851,-1.0327
-46.1347,2.9931
-40.3865,3.1709
-38.7683,3.7268
-40.9454,0.6922
-46.0680,-1.3296
-41.8442,5.3980
-48.6179,3.5773
-41.4344,11.1655
-41.8046,-1.0162
-51.0061,-9.9498
-42.4022,-4.0508
-46.0840,-2.0668
-38.8043,-7.3075
-43.3322,0.6977
-46.9036,-4.0980
-38.1277,2.1941
-42.9649,6.1604
-45.3625,-2.2089
-28.0804,5.5494
-43.9593,7.0095
-40.3570,5.9817
-50.3890,-4.8641
-42.2648,1.7098
-51.4339,13.0413
-52.0138,-3.1212
-39.5156,-1.3563
-41.6682,0.6859
-48.4735,0.4033
-51.9300,-1.2945
-43.5336,-0.1051
-44.7631,-3.7387
-50.0532,-1.8755
-38.2211,-0.3963
-41.5425,5.3912
-46.5771,-2.7040
-48.2359,-0.9078
-42.5561,0.9995
-40.9176,-1.3326
-47.2747,4.6170
-36.8543,-6.4367
-36.1263,-2.7142
-51.8485,-6.7646
-48.5218,-0.4573
-41.4877,3.5546
-35.4523,1.1900
-45.4928,6.4422
-47.3395,-5.4018
-47.6303,7.7097
-42.8405,-1.2025
-53.9880,2.0041
-43.2265,6.7676
-44.1976,-6.0490
-57.2422,8.7524
-46.3163,-8.4867
-48.1294,-1.7153
-48.8066,-0.8956
-46.8940,-4.3217
-42.6535,-2.2343
-47.1787,2.5156
-45.3819,4.0960
-44.7640,10.0362
-47.0892,3.3739
-41.6358,5.8867
-47.2634,8.9789
-41.1195,-2.4355
-48.3293,1.5206
-47.1284,6.8906
-47.3558,0.7284
-34.6244,-4.2963
-50.3059,4.3736
-41.3315,-0.8858
-46.4361,-5.6780
-43.9136,-6.2068
-40.3573,1.3979
-34.5593,-4.8766
-38.4154,-3.5826
-53.7790,6.4872
-44.7559,-4.7436
-39.0762,-5.6545
-36.4490,-1.4072
-50.6282,3.2950
-46.7905,11.8295
-39.0577,2.1352
-51.7638,9.3750
-48.1602,-1.8302
-35.7332,-1.6841
-44.3784,9.4606
-35.8189,-1.7364
-39.7194,4.4805
-46.2858,-10.2351
-49.7310,8.7336
-44.1937,-9.3233
-49.5633,-0.5725
-40.1067,3.1718
-42.5206,7.8176
-42.6659,1.3315
-46.1446,6.2936
-46.1194,-2.1618
-44.2537,5.2077
-42.2309,11.7003
-45.7554,-0.5353
-39.6890,0.2865
-55.6667,-1.2213
-42.7169,6.1815
-41.4329,4.5227
-44.0847,-2.1580
-45.2357,-11.0947
-36.0263,5.8551
-38.8989,1.8740
-46.8186,6.0422
-42.7679,-0.1790
-47.0272,7.8338
-38.2167,-4.3390
-45.6120,11.3958
-42.8719,-7.2082
-38.9198,0.2702
-47.8443,4.8294
-43.7769,0.6125
-44.3208,2.9162
-44.1781,1.9270
-46.4264,2.1069
-35.9917,-3.9976
-46.1324,9.6524
-47.2603,1.4472
-44.3652,-6.4921
-39.6563,7.1696
-47.7162,3.0102
-56.8915,-2.2208
-46.4567,4.2481
-48.9954,10.2209
-37.0936,3.2654
-39.0865,4.9623
-40.5501,-0.1407
-45.3494,10.5721
-31.5865,0.7804
-45.5955,5.3171
-48.5701,-0.2489
-43.2136,0.3282
-42.0800,2.3014
-43.1120,-3.0905
-41.4176,2.8281
-49.3896,8.9271
-49.3950,10.8142
-43.4909,2.9050
-48.2915,8.9023
-38.9019,6.8260
-40.8509,0.5952
-36.2849,2.7269
-47.5079,9.8304
-43.1137,-10.7558
-42.6869,-3.1725
-47.8458,-2.2546
-54.3575,1.4308
-39.1015,4.9604
-49.5398,-1.9383
-48.8519,6.6435
-39.0855,5.1499
-44.1644,-1.9554
-49.0017,-4.6342
-45.9502,-8.1449
-41.4037,6.5360
-48.4620,-8.4369
-45.1990,6.3621
-50.1690,-0.3275
-39.9703,6.1751
-41.3327,5.5266
-42.6640,0.5537
-51.2640,3.4007
-41.8754,2.1363
-40.0569,1.7464
-42.3037,12.8926
-48.1041,6.2962
-48.1586,0.5110
-40.9583,-0.1895
-45.4044,-4.6658
-44.6545,4.9474
-48.2053,-5.6203
-40.5468,1.4709
-51.8670,2.7323
-37.9798,0.9026
-42.4272,2.6761
-33.9482,7.3930
-42.0480,9.2568
-50.1524,5.3978
-43.3952,4.7717
-35.5188,3.6046
-48.3223,-7.4291
-46.0222,-4.1377
-40.9681,7.8438
-45.5951,0.8910
-40.4328,-0.6939
-46.2318,0.9404
-49.8000,-1.4990
-41.8504,2.5064
-46.9906,1.4301
-39.4191,-0.5438
-46.5259,1.1091
-41.8068,0.4050
-40.9670,-4.1393
-44.0491,3.5982
-42.9615,3.0932
-45.1288,3.1611
-41.7762,2.2436
-40.6362,-0.7210
-38.3853,-2.7737
-49.8707,-1.4432
-40.9839,2.2172
-47.1507,0.1671
-40.9821,2.5645
-51.8763,13.5839
-48.4253,7.6700
-41.4435,-5.2966
-33.6129,3.0175
-40.8418,-0.2193
-43.3731,-2.6859
-45.6457,3.1195
-38.2907,2.1377
-40.8041,0.8253
-53.7140,9.6145
-46.2620,11.1350
-40.1259,5.4722
-39.1890,0.4532
-40.3922,-9.4740
-45.7292,-1.6356
-47.2619,-3.4982
-43.0791,1.1902
-45.4919,-0.0518
-38.7855,4.6390
-56.2314,5.7988
-40.7701,8.3943
-48.4197,-10.5669
-46.2704,4.1925
-36.1162,1.9164
-38.6075,-1.3999
-34.5518,6.5527
-38.7252,5.9505
-31.8284,-5.4558
-39.1936,5.4311
-49.9110,-4.9663
-37.7607,14.8928
-53.4081,-11.7116
-47.3418,1.5919
-43.4713,-2.5159
-52.8055,2.7636
-44.4663,-3.5019
-47.7710,-2.0686
-36.0549,6.4718
-45.6259,-1.7728
-50.7151,8.0417
-45.3251,1.6944
-38.3489,4.6054
-35.4570,6.8462
-45.6933,1.0980
-42.2306,-7.1985
-47.8129,2.7566
-46.7703,3.5421
-33.5114,6.1839
-56.2011,-1.3961
-40.5121,2.2022
-37.7311,8.8009
-35.5638,6.5948
-43.8543,8.9801
-38.6283,-4.6879
-44.3238,1.4346
-39.2108,-4.1035
-37.4608,6.0242
-50.5864,2.8637
-36.8018,-3.3462
-42.5438,1.7688
-44.0606,-1.5501
-42.3609,9.7998
-41.8767,1.3479
-42.2521,-1.0197
-46.2905,17.9648
-46.0207,0.1874
-34.1710,-5.0408
-46.9208,-1.1573
-51.8700,2.2361
-46.9307,2.6316
-46.9385,-0.8522
-41.5275,1.2200
-40.5187,-0.7492
-52.3645,-7.6675
-48.6002,0.0180
-45.4904,-6.9523
-38.2295,3.9782
-43.8844,0.7377
-36.3563,12.2390
-40.4620,-1.1503
-43.7843,-2.7676
-39.2384,-10.3973
-42.0233,-0.0868
-44.7915,3.3499
-42.1752,-7.1493
-46.0396,3.0098
-42.0448,-0.0561
-45.8915,2.8827
-49.9577,17.1808
-52.5000,3.9466
-43.4473,-10.2664
-40.9742,-8.5429
-40.0256,3.4728
-43.6859,-0.2586
-39.0453,4.4836
-50.3330,-0.0202
-43.3520,1.5093
-49.6860,1.7228
-45.6193,-4.0625
-47.0290,-4.9545
-48.3790,8.9686
-47.3713,2.3060
-48.1987,-3.7035
-40.1361,-0.1346
-47.1353,6.2818
-44.9560,8.3438
-43.9576,6.0348
-48.1520,-0.4440
-51.4940,0.8270
-47.5707,6.5990
-46.2136,0.5514
-45.2934,4.7429
-37.3412,0.2924
-49.2984,2.5139
-45.0584,-0.7395
-40.7915,-1.9798
-47.1979,-3.3562
-44.7468,1.9154
-40.0015,-0.8568
-37.8617,1.8010
-46.3759,-0.0436
-35.7938,2.8890
-42.9531,-9.3974
-42.4891,0.0882
-49.1851,-0.4864
-37.7821,-0.7946
-45.8717,0.1851
-45.3979,-3.6807
-45.5534,6.0355
-49.0081,0.8305
-38.5897,11.9922
-45.4945,-2.5405
-49.8263,1.5091
-43.9374,-1.4588
-50.3891,2.2116
-39.5195,-8.6973
-47.1420,3.3939
-40.6885,7.0443
-46.4902,1.8532
-41.8556,-5.0151
-45.4597,5.1209
-53.4058,1.5324
-46.5174,6.4806
-40.0172,-8.8220
-43.8655,8.7688
-38.9447,16.0674
-40.3837,3.7607
-45.2915,-5.2453
-47.0722,10.6702
-45.3335,6.9549
-48.2430,2.6176
-39.3951,7.3757
-49.9335,-3.7220
-39.5098,3.0496
-42.5813,12.2601
-44.3126,4.0455
-41.6604,-2.8073
-40.2587,-5.1225
-47.9459,4.3677
-44.5311,2.5574
-42.7719,10.8573
-42.5304,-0.0922
-45.7857,2.0093
-46.3997,-9.0343
-41.7677,-1.5736
-40.5646,-2.2244
-41.4910,4.2540
-39.3616,9.8749
-39.8694,-0.0214
-42.4785,5.1203
-45.2043,0.5642
-42.6470,-1.8535
-45.4420,0.1430
-40.8080,2.1378
-46.6328,5.1025
-48.4287,-5.8560
-39.3746,-0.1243
-42.2837,10.1434
-49.2053,0.9091
-50.9295,13.9559
-42.1550,-5.0086
-46.1205,-0.4425
-43.4998,11.1759
-51.7983,8.7569
-42.7903,5.6764
-39.2150,1.9940
-41.8290,-0.8595
-43.1329,5.9274
-45.2880,2.3131
-43.0984,0.8987
-38.3602,7.0664
-52.0397,-0.8054
-40.6278,8.7810
-46.7858,-4.1072
-37.4677,4.8699
-50.3549,-2.0575
-36.6024,5.4797
-44.8223,-0.5400
-42.6032,-0.9540
-39.2571,-2.8955
-45.4829,4.6489
-36.6378,8.3486
-36.2837,3.6117
-52.5570,-2.8794
-36.3303,0.7276
-37.6504,0.0852
-38.4297,4.7645
-45.0088,-8.4076
-40.2927,2.3836
-48.2861,5.9751
-45.9102,7.8341
-48.2194,8.7797
-40.7042,-8.6190
-45.2069,0.9749
-42.6378,6.4535
-40.1724,-0.8624
-45.5674,-7.6119
-42.3472,0.6488
-38.3189,4.6902
-47.1053,4.9934
-40.6878,-9.7661
-47.1924,7.4747
-43.8319,4.3118
-53.5195,0.8185
-49.2080,-8.1557
-39.7673,4.2984
-37.5605,7.1015
-48.7964,7.8890
-44.5584,5.2605
-37.3223,-3.0055
-49.4455,-4.2167
-47.3230,7.0796
-45.0259,1.1854
-40.2781,-0.5540
-48.4139,7.9195
-43.3795,9.6782
-43.8223,-0.5228
-44.0508,3.3581
-43.2493,-7.6046
-52.3442,-2.4724
-48.3737,6.2530
-42.9103,-3.1571
-45.1800,0.1351
-37.7424,1.6599
-41.9687,0.9963
-37.8378,4.9186
-44.9066,5.6209
-45.1286,3.7387
-41.3501,1.9741
-43.3061,1.1609
-32.3856,0.8539
-44.1588,5.7269
-43.7313,1.4286
-39.6915,-0.6895
-47.9942,1.8232
-43.4700,5.1127
-40.0588,0.6883
-35.5435,2.1241
-44.4804,-0.4559
-46.4608,3.8289
-42.0772,0.7681
-47.6871,2.6964
-45.5208,-1.3013
-48.2495,-6.3220
-46.3010,2.5427
-50.1016,-3.3168
-41.9643,2.2366
-46.1164,-4.3831
-47.6904,7.9653
-38.0295,-1.9337
-36.3744,-2.7084
-41.5571,9.4300
-36.4050,-5.4692
-47.8383,8.0739
-45.4970,-5.0647
-41.8598,-2.4069
-43.7968,-8.6949
-47.1820,1.9323
-46.5082,7.1445
-43.4604,8.8764
-40.6949,-4.2406
-46.4124,6.4217
-45.4587,6.0502
-40.6731,3.2351
-44.4100,7.0918
-50.7013,5.2506
-45.9761,-2.2659
-41.8041,1.0537
-44.8397,2.6240
-50.5048,-8.9393
-41.8615,2.3587
-46.2654,-6.4404
-50.7548,-1.5882
-38.4953,2.4304
-37.5987,0.6240
-48.7319,-0.5222
-34.5492,2.8018
-40.5235,-3.6534
-37.4425,0.6303
-45.5843,-3.8356
-41.6238,8.2729
-43.2886,-3.9164
-41.8278,3.9951
-44.7915,3.9923
-40.9721,4.1043
-44.3154,-0.1902
-48.2820,0.0036
-33.3670,-1.2601
-51.5715,0.4252
-43.9178,-1.2050
-49.7704,-6.2320
-36.0491,1.5634
-47.0065,-0.6944
-46.4918,-3.3806
-44.2759,6.1339
-37.3383,-2.6575
-52.4730,4.5562
-46.6949,-6.1136
-45.8070,-1.6385
-41.9926,-2.4746
-50.2685,1.5725
-42.3428,1.1447
-35.6142,-1.7635
-40.0938,5.2869
-35.8010,-5.4656
-36.4960,-7.6474
-39.5042,-2.5020
-41.7485,5.1390
-43.7491,-6.0065
-38.1306,1.7008
-38.0250,2.6053
-42.5968,6.4813
-41.2091,2.0087
-42.2622,8.5451
-44.4314,-3.0626
-50.2249,6.4273
-41.4181,-2.2412
-40.3707,1.1549
-32.4679,4.3103
-35.9544,4.4905
-44.9431,-5.2251
-41.5061,5.8656
-49.1451,4.1058
-53.1908,-0.7382
-36.4336,2.6320
-46.0289,11.1254
-45.9734,7.5167
-38.4718,-5.9829
-43.1221,-2.4257
-53.3653,12.6490
-35.9238,-2.7251
-47.0637,0.5464
-49.2617,-0.2370
-48.3201,1.0029
-38.1426,-2.0159
-38.1610,2.3622
-36.4820,-4.1995
-43.7148,2.0074
-48.1932,-2.2744
-38.6427,-3.3200
-46.3633,-0.3491
-45.3977,5.2270
-40.6108,-0.1452
-44.7190,1.3995
-40.6516,6.9902
-45.1026,2.7491
-39.8559,-10.8039
-52.5678,2.0503
-43.7207,6.3097
-39.2658,0.9789
-51.8218,0.1868
-47.1928,-4.8073
-44.7237,-3.7278
-39.1755,1.9786
-36.6196,11.4893
-44.5229,2.6646
-49.9775,12.4955
-51.1251,0.4272
-44.1338,2.2346
-44.2327,1.2605
-39.7835,0.5914
-41.5789,-0.4981
-35.4697,-3.2678
-47.1569,-1.6339
-37.9990,4.3453
-49.8251,-1.7209
-44.8404,7.6381
-44.8927,3.8818
-41.3972,1.6691
-34.2415,-0.9077
-41.8723,9.9079
-42.1904,0.7338
-41.7242,3.3977
-50.5524,0.3239
-39.7983,-9.0604
-41.0233,9.7811
-37.5955,8.5544
-49.6301,-2.0542
-39.9774,-4.8848
-46.9164,12.5864
-37.1225,7.8803
-43.4683,1.8367
-42.2318,-5.6758
-42.8308,3.4148
-43.0521,-2.5066
-33.9166,3.9133
-44.5406,11.2169
-39.5330,1.5007
-47.6516,-0.2893
-53.6442,2.8119
-44.9740,2.0376
-40.8537,-12.5091
-36.3712,3.9696
-41.9400,-3.3850
-37.8194,1.1470
-41.0896,11.9879
-38.1183,-7.3795
-44.2006,4.2249
-33.8858,5.0647
-44.6418,-0.5906
-35.8659,0.2462
-39.3115,3.8078
-44.5364,-1.3626
-43.3403,-4.0053
-42.6012,-3.1249
-38.3220,5.9042
-49.0924,1.4361
-40.7761,1.8440
-41.5880,-3.4151
-47.2187,-0.8600
-40.6622,-1.1936
-41.0631,9.1283
-41.1090,10.5063
-36.8068,0.7466
-42.3711,5.3950
-33.9606,-2.2534
-52.9114,-0.3715
-49.9616,-1.1067
-58.1570,1.3899
-44.0895,0.6287
-46.4308,-1.7889
-52.5222,-4.1486
-41.5060,-2.8293
-46.8265,2.3808
-39.1247,-1.0022
-48.7283,-2.5664
-52.6791,6.5280
-37.6580,0.2257
-38.3668,10.0356
-31.1909,-3.1819
-45.8509,2.7896
-45.3331,-5.8517
-38.6864,10.0486
-38.9343,-2.9502
-38.1535,-1.4814
-42.4460,5.2793
-39.8600,3.3014
-42.2501,-0.3134
-42.4899,-0.4149
-44.3473,2.5220
-38.0200,1.3151
-42.1003,3.8790
-45.3396,-8.3623
-46.8597,1.9520
-34.7619,0.1668
-45.2345,0.0497
-44.0774,1.4488
-46.4235,5.9105
-45.3777,-6.9298
-43.3547,4.7984
-45.9987,-4.8830
-43.8887,0.7755
-44.7741,5.1085
-52.2473,4.4314
-38.3548,3.8917
-41.0322,-0.0802
-52.0413,9.6013
-44.8362,-0.7380
-46.6038,-0.1791
-36.0147,2.1812
-39.5032,-1.9810
-57.7433,12.3460
-46.7961,-0.8174
-37.7087,3.6558
-39.3520,-3.9151
-40.9699,1.2356
-50.9271,-1.9091
-41.1141,4.7517
-42.5431,-3.5359
-41.7543,-0.4983
-42.3567,-2.9054
-47.4807,8.9117
-49.9196,-4.9161
-38.8138,-4.2726
-35.7654,-6.6260
-33.1048,-2.8244
-45.6381,-0.4069
-41.0912,-2.2444
-40.2569,9.4643
-48.3249,-4.0768
-41.7242,6.6270
-45.1074,-6.4524
-43.2659,-6.1478
-44.8765,-1.4731
-39.0660,-0.3291
-34.9512,5.1107
-41.3971,8.1857
-37.6357,9.6695
-45.9663,-0.9587
-46.2178,12.1302
-41.2464,0.8050
-44.1889,-1.6588
-45.1906,-6.8988
-38.0491,-5.5138
-47.3906,2.5193
-48.1258,0.0574
-45.5148,4.9526
-44.0027,6.1908
-33.0364,-7.3969
-43.8206,9.7246
-41.3818,7.1579
-48.3302,12.5590
-54.3203,-1.8392
-42.1995,1.8030
-49.1567,3.2767
-34.3077,0.9117
-46.8028,11.1056
-36.4984,-1.7160
-37.4528,-2.9214
-50.5390,-2.5556
-50.0404,4.8884
-44.5615,0.8657
-52.9107,2.6640
-48.2361,10.4208
-49.1100,7.7945
-49.8399,8.6905
-44.1303,0.7111
-58.1815,10.0464
-47.0942,1.0773
-50.2911,1.0221
-44.7538,-2.2693
-44.0061,6.0504
-41.0606,0.1663
-41.3859,-4.7705
-56.8199,3.5133
-40.9063,-0.7945
-41.9681,-5.7269
-45.0060,3.4850
-41.9329,6.8080
-47.0891,0.5583
-39.3782,0.7216
-42.5782,-14.1407
-35.0581,-8.9353
-45.7998,0.4539
-46.7018,-5.3026
-47.7917,-6.9592
-39.6507,0.7419
-41.2951,4.8525
-48.6404,-8.8103
-32.4280,-5.9381
-43.5328,-1.1754
-42.4210,5.5805
-46.4269,0.4315
-26.4076,1.1435
-38.3295,-2.8257
-43.4507,3.2585
-37.3646,5.1349
-39.4215,-7.5276
-49.2529,-3.8907
-37.8438,2.3026
-46.2733,-2.8093
-40.4301,-10.6897
-38.7236,3.5455
-42.7849,3.9476
-47.5826,-7.2309
-46.9164,11.2345
-47.3268,1.7806
-33.7798,0.2382
-34.8573,11.2403
-49.4247,6.8417
-48.5184,3.4136
-41.6313,0.7795
-44.9669,0.6031
-42.9064,-1.0328
-45.8766,6.4292
-47.8050,-0.0691
-45.7193,-0.5303
-44.3934,-0.8113
-42.8743,0.2735
-49.7924,-1.7347
-42.1917,5.5075
-42.3579,7.1525
-45.2164,-0.8640
-53.8878,1.3067
-47.7621,9.1136
-45.7970,-2.1655
-46.6301,-0.3889
-41.2906,-0.1036
-50.8704,8.2149
-48.3093,-3.2337
-44.6231,9.4366
-38.8275,4.9845
-43.1874,-4.1099
-43.7205,1.8767
-47.7312,-6.4591
-37.0204,-4.2458
-45.7031,-1.1377
-38.0417,1.7294
-45.1995,-2.1967
-47.0067,9.5385
-37.3024,2.3484
-44.5229,1.0787
-42.5402,5.7550
-36.8169,-0.8242
-44.9355,1.7774
-30.7645,-8.4784
-38.4320,-2.8026
-42.0712,11.9752
-46.4467,7.5906
-41.5084,-1.8950
-42.5875,-0.5822
-41.3144,-4.8348
-46.2743,1.2046
-45.2279,3.6711
-43.0116,-2.9738
-40.6844,0.4767
-41.3785,11.5879
-33.7017,1.7593
-43.0226,1.1856
-49.5330,0.3387
-48.0489,-0.2893
-45.4077,-1.6804
-43.2270,3.3321
-43.7568,2.7434
-47.8856,-1.1058
-38.4082,-1.3602
-42.2102,8.2442
-48.3616,11.9589
-50.5093,-8.6364
-43.6323,-1.4730
-35.5572,-7.2424
-42.0795,7.7081
-45.8766,1.4546
-52.2886,3.6739
-38.8207,2.2031
-44.9707,-5.6919
-37.2504,8.3638
-42.4954,7.7515
-41.1852,0.1009
-38.3765,-0.9579
-46.4093,3.3843
-40.8980,6.5164
-49.7883,6.4420
-45.4318,2.6459
-40.4970,8.4603
-47.0587,-5.6231
-42.0839,3.7593
-42.4278,-2.9187
-38.9674,4.7510
-45.2501,-1.3010
-50.0063,-7.7344
-47.4307,-0.0029
-51.4723,2.2137
-44.4876,3.0826
-41.1005,-2.5395
-39.5507,-0.4543
-50.3514,2.5497
-48.5838,-0.6896
-43.9080,7.5948
-48.0117,-12.6641
-44.8733,4.3049
-48.8016,0.6359
-42.0487,-0.5196
-39.8278,-4.5695
-45.3261,4.2935
-43.1815,-3.5596
-43.2968,0.2372
-36.0647,5.9722
-47.3011,-0.7818
-54.2035,3.0143
-41.1081,2.3601
-48.1856,-6.0218
-47.6605,1.2589
-42.3197,-0.8073
-39.7053,0.5690
-31.1530,-0.0797
-39.6715,3.0086
-43.2921,-4.4665
-43.2939,0.2397
-48.9925,6.9911
-49.2387,0.7749
-34.8279,5.5071
-39.1041,4.4945
-50.1620,3.9872
-36.0990,-0.7527
-43.3481,2.4337
-36.9714,1.8949
-40.0516,1.6147
-30.5457,1.7638
-45.5244,2.8191
-43.2389,0.3288
-49.2714,-2.1462
-36.1789,-8.0599
-38.3458,5.1558
-47.4899,0.0675
-38.4167,-4.4457
-48.4895,-4.8418
-42.6157,0.1683
-51.2506,-4.0006
-51.8235,-0.7940
-40.0194,-2.7776
-40.0151,5.7070
-52.0196,4.0303
-47.3505,2.0627
-40.5224,4.7889
-41.5713,2.8380
-52.5655,3.6681
-42.9194,-6.9534
-51.3474,-2.2205
-37.5195,-0.2044
-41.0102,-2.4873
-38.1292,5.0776
-35.5503,0.2233
-41.0893,-3.6446
-45.5200,8.5918
-50.5828,2.4152
-43.8365,1.6556
-46.8785,4.3754
-42.0700,-2.8957
-49.4726,7.1395
-31.9726,1.0453
-51.1914,-0.1013
-44.2997,-4.3481
-46.0510,-1.7489
-43.7906,1.3006
-41.0055,-0.1159
-38.6542,2.0460
-50.0621,-3.9457
-45.9493,8.4710
-53.2167,6.4926
-39.5851,5.0593
-46.8863,-2.0265
-45.6429,3.8283
-41.2982,-2.4790
-52.2241,-4.1445
-37.2618,2.3838
-39.6576,7.4810
-35.3759,2.3917
-41.0545,4.1778
-39.4955,11.4259
-40.8168,1.0278
-37.4154,4.6547
-42.3128,0.1435
-42.4048,-1.4963
-50.3104,-4.5290
-46.2741,2.3795
-47.8911,-2.9819
-35.5143,0.1080
-42.4594,-0.2894
-44.5808,2.8257
-46.2973,-4.7941
-37.9801,12.1169
-42.6181,0.7380
-43.8303,0.6081
-49.9531,3.1697
-43.5517,-8.5042
-39.2840,3.3191
-35.8406,3.1076
-43.9804,-4.0884
-44.2775,5.1951
-43.3721,2.8918
-44.2090,-3.2045
-41.6490,7.1160
-43.4784,-0.7850
-43.5906,4.4102
-49.0103,-1.4521
-36.5347,6.3556
-42.8599,9.9453
-40.4814,-2.3756
-38.0650,4.8392
-48.1174,-14.4614
-40.8017,-1.3617
-48.8789,-0.7232
-46.6540,9.9825
-51.0918,-2.0974
-47.7148,2.7539
-43.7587,2.1828
-42.6868,2.5833
-41.9248,-0.4230
-42.9430,-6.7269
-36.4782,6.3218
-48.7632,2.5198
-38.7162,-6.3071
-47.7857,-1.3056
-42.7159,-5.5976
-42.2445,10.9977
-44.9194,4.5332
-35.7557,5.9845
-43.4457,2.2038
-41.6104,10.0674
-43.1196,-1.1830
-39.2711,1.8976
-48.7072,7.1239
-41.8407,-1.2803
-46.1754,1.0824
-36.9327,6.7125
-42.2127,3.1316
-40.6827,-9.9727
-51.8792,0.9243
-42.4235,6.4664
-46.6027,-2.8638
-50.5397,4.2350
-42.4973,4.8934
-38.3192,4.6161
-34.4445,7.1041
-45.4379,-0.1471
-36.9609,0.0659
-34.3767,3.3399
-43.2474,4.7849
-37.7972,12.2129
-43.4195,-3.3435
-43.6442,13.3942
-40.7217,6.1634
-41.0858,5.6134
-45.0015,3.3539
-53.4110,-0.7591
-39.1617,-0.8274
-54.9051,-1.3706
-47.3379,-6.3517
-38.8938,8.7732
-44.4637,7.8741
-33.4432,6.7016
-45.6899,-2.6972
-31.3457,2.6528
-47.1567,-1.1515
-41.2791,-7.0124
-43.8593,-0.8940
-45.8416,11.4177
-43.4430,3.2684
-30.5779,0.7374
-45.3511,5.4584
-42.5030,2.3164
-50.6624,0.0914
-50.5584,-3.4068
-58.2859,-1.0104
-41.3221,-3.6719
-39.6481,2.3207
-48.5629,5.4865
-46.0503,13.1805
-36.4787,7.2598
-40.7086,-8.6172
-37.1726,2.8517
-34.9944,3.3316
-43.2795,7.9058
-40.0541,6.7382
-44.4936,-1.8035
-38.5544,11.7720
-42.0575,-1.4077
-44.3159,3.3758
-46.3591,-0.8489
-49.8260,1.8708
-44.3582,5.7885
-41.4237,14.6684
-49.9203,3.3114
-44.6420,-3.7159
-31.3609,4.6022
-43.5794,0.6742
-46.1851,-0.5404
-46.7573,-7.7570
-47.9869,2.4753
-46.4793,-6.4008
-33.8146,-1.2410
-37.1834,-0.3360
-44.8299,-6.0276
-42.8375,3.7437
-47.7583,-3.6551
-48.6128,-1.7114
-38.3170,-0.3213
-34.4394,4.6421
-37.3776,1.7518
-37.8040,-5.7186
-50.1318,4.5908
-41.2739,9.7028
-40.4463,3.0804
-41.8153,18.7144
-39.8443,-2.5548
-50.9063,6.7782
-42.7058,2.3361
-38.7937,-0.1744
-40.4749,7.2009
-41.7402,-7.0383
-44.4564,9.8334
-40.7655,0.4155
-46.7420,-1.4518
-51.6822,-1.4215
-45.4804,2.1979
-46.6922,-0.5588
-38.0252,0.1748
-38.6749,-3.5278
-37.8313,12.9556
-35.0622,-1.4472
-43.5192,-3.5633
-33.2910,-0.9123
-49.9517,2.2620
-37.7893,10.6211
-51.8565,-9.4762
-44.3616,-4.9194
-48.7310,9.8777
-40.0908,-4.4006
-42.9103,11.4593
-38.5198,1.0852
-47.3843,3.8222
-46.2538,5.1718
-42.4156,4.7527
-43.3278,1.6744
-37.8690,-7.0074
-36.5076,4.7990
-38.7369,5.2510
-48.0270,-4.8365
-41.4437,5.8838
-39.3995,-1.0149
-46.3668,3.6897
-51.3074,-2.8056
-43.8853,-4.2151
-49.0725,4.3433
-46.8526,-7.3415
-47.7896,-8.1904
-45.0537,4.6714
-44.8359,-5.9985
-47.1584,6.6146
-39.4754,2.4282
-45.5305,-0.2277
-48.8249,6.4982
-43.1679,-8.7252
-48.9628,3.6818
-38.4596,2.3575
-49.5357,1.4083
-44.7750,0.3947
-39.4604,0.8440
-48.0019,3.5763
-45.4334,-12.5641
-45.2904,5.9806
-46.0861,3.7980
-41.4398,4.4479
-48.0786,12.7380
-43.4167,6.3816
-49.7187,7.5006
-50.9068,-5.2591
-46.0636,-8.9362
-44.9088,8.4372
-45.4894,4.9308
-42.6863,-6.7218
-53.3929,9.0043
-39.3023,3.7032
-50.5682,-3.4663
-38.2978,0.2591
-44.7018,2.0345
-53.1005,-4.0529
-40.0819,10.2949
-45.2564,-1.7279
-37.0266,6.9690
-57.7209,-3.1445
-38.5376,1.6865
-42.0447,-7.9393
-47.3973,5.7392
-42.4609,-2.2000
-41.8794,1.9274
-52.0626,4.9985
-37.6341,10.9704
-40.0316,-1.0044
-45.3327,-1.5359
-38.5661,2.0668
-45.8598,8.3645
-32.9150,1.6118
-40.7226,-2.1910
-43.3102,2.7049
-42.7050,5.3247
-51.5965,1.0790
-42.7283,-7.0467
-37.6892,-2.4510
-38.3492,-0.7232
-38.0333,7.5476
-38.3706,1.6530
-41.0967,7.6764
-40.7710,-5.9937
-38.4813,1.4334
-44.0005,3.4012
-37.1610,-9.8165
-40.3482,1.9816
-44.3791,3.7601
-32.8089,-2.3561
-48.6765,-3.4482
-44.7167,-8.7207
-39.0939,1.1043
-45.9540,0.7381
-40.2684,4.5310
-40.4172,0.9744
-47.7609,5.5870
-48.1718,9.5986
-42.8656,2.0738
-40.6988,0.2840
-44.3040,1.0633
-39.5519,3.1082
-37.2840,9.9051
-39.7889,4.0948
-46.7687,5.2030
-48.1846,1.8295
-45.7265,13.3049
-42.6523,-4.6204
-38.4057,2.6592
-39.6288,-9.5307
-45.3213,-4.5461
-37.1757,1.7532
-39.0269,7.3550
-49.5078,1.5158
-43.4022,-0.3311
-45.1611,-7.9827
-52.2823,-1.8552
-47.7806,8.9163
-46.1856,-9.7746
-47.6829,-1.3901
-53.2382,-1.1941
-37.2565,-1.5595
-49.6621,-2.6713
-43.6791,0.9082
-47.3520,6.4038
-42.8508,-2.7600
-46.5128,-0.3955
-39.6757,2.5437
-39.1231,-0.4029
-43.8146,10.2403
-48.0766,4.7584
-46.2293,0.3848
-43.2704,1.3302
-43.2702,-5.1769
-45.5180,-3.1556
-32.0995,5.0577
-43.3949,6.9469
-44.3762,-3.6665
-42.9516,-0.3665
-53.3433,-3.1555
-45.4042,1.1056
-49.7835,1.6222
-41.7417,-1.8300
-45.3761,12.6991
-45.6719,7.1584
-33.9102,7.8109
-38.3932,-3.9601
-36.8726,2.4958
-42.5487,3.1249
-47.9988,7.0731
-34.0018,5.4890
-47.7628,6.9966
-47.0710,0.3612
-50.4621,-0.3431
-43.6160,1.2851
-45.0080,6.4160
-43.2471,-2.8781
-38.1249,10.0396
-35.7404,-6.9807
-45.5659,-2.2662
-41.6873,-13.0474
-39.3110,4.8872
-42.3119,-3.4565
-41.9606,-6.5727
-45.5787,3.8291
-49.7734,0.2056
-45.7369,0.5153
-41.1101,-0.7512
-54.1440,-5.1809
-48.2740,7.4105
-39.2454,-6.4294
-44.9585,-2.6822
-39.2567,0.4274
-39.2458,4.8616
-44.1128,2.5586
-45.5171,-0.5441
-46.4224,5.3029
-50.9015,8.2062
-40.6865,-4.2143
-38.1309,-0.6491
-40.5521,8.6038
-44.3067,-8.5873
-50.8379,-4.2076
-40.5966,6.2193
-38.8347,-4.7814
-39.1488,-3.1391
-44.6009,5.5592
-46.3232,4.5034
-33.0913,2.4118
-39.3048,-12.7206
-51.0216,13.1614
-37.7794,-0.0055
-38.6612,-7.7380
-45.7847,0.3498
-37.2904,4.8554
-45.8566,6.7198
-43.3253,0.9280
-54.3246,5.7069
-42.9290,7.1040
-41.8951,-2.4188
-52.2279,-0.6166
-42.7091,-7.1054
-42.6586,0.5437
-43.3087,2.4992
-43.4467,1.0134
-40.7257,0.9920
-52.3161,5.8022
-41.7864,-2.9760
-47.7092,0.8998
-43.1265,-8.6865
-40.6357,-0.5100
-48.7702,4.7979
-42.5457,5.8294
-44.7495,1.2109
-38.0777,2.3361
-54.3031,-0.4191
-39.0181,0.8464
-47.6593,-3.7865
-44.2638,-6.6210
-36.0237,10.8649
-36.6088,7.8397
-34.3107,8.3457
-37.5865,-3.0915
-32.8356,0.1168
-39.7306,-0.4146
-49.7936,1.0643
-47.7386,0.6958
-47.0092,2.5627
-48.8367,12.1552
-55.1585,5.8689
-37.5970,7.0115
-44.1225,4.7869
-45.5887,4.4559
-47.5747,9.8395
-40.5574,2.6650
-45.3738,-1.6408
-41.3219,1.9908
-47.0360,-2.5646
-46.7454,-2.9206
-40.0509,-1.5835
-44.3618,4.7228
-43.2273,-1.2059
-49.4826,5.7962
-39.4475,-6.3612
-45.9145,-0.7068
-47.8128,2.4369
-46.2022,2.3887
-37.6791,-3.2659
-41.4326,4.3726
-47.1118,4.1226
-43.5888,-1.4205
-50.1905,-1.3137
-35.1603,3.6745
-48.7529,1.6315
-37.4035,-6.0143
-39.0886,-3.4852
-42.5214,-7.5966
-39.7598,1.6089
-35.1700,-3.3445
-46.1222,-3.8247
-52.5767,-0.5777
-47.0540,-6.5177
-44.1813,10.2534
-41.8896,2.0497
-47.2912,-0.2945
-42.1561,1.7429
-35.3254,10.9257
-33.2602,-0.8244
-43.3001,-0.2789
-40.8481,7.1844
-49.3030,3.5744
-39.3811,5.8504
-37.9083,0.6495
-45.7666,0.4117
-44.6451,0.3881
-44.2316,6.1104
-37.4692,5.4411
-48.9275,-2.0033
-35.3820,-8.4411
-44.2024,3.3365
-40.3269,7.9536
-47.2109,0.9922
-33.2602,3.1125
-34.4434,-6.3064
-45.3168,4.5335
-42.8217,5.4958
-45.3894,-5.0804
-44.4791,-3.7425
-46.9481,-0.9004
-45.1333,-4.3197
-28.0561,4.4036
-27.4782,5.0657
-45.2531,-2.4785
-49.7497,2.8220
-45.0827,-1.1821
-45.5385,-1.3618
-44.9378,-1.8502
-45.9991,-5.9582
-47.3362,4.6274
-51.6193,-4.2638
-42.1085,-1.0268
-32.1234,-2.4736
-49.6088,1.5782
-46.9722,2.7448
-48.3774,3.8478
-45.1294,5.9118
-52.5284,5.9115
-42.5363,-1.3322
-34.9788,9.2197
-40.6379,8.3831
-35.2505,3.7241
-37.7859,0.1147
-43.4894,-0.9499
-46.7155,8.5841
-35.0241,-10.2636
-36.9220,6.8835
-43.2022,1.7409
-41.6526,2.6731
-42.4254,7.9808
-42.6537,6.2756
-36.9128,10.4612
-48.2950,4.2473
-30.3007,-3.7957
-51.0507,5.1812
-41.3231,-0.4879
-37.8087,5.3930
-42.0860,1.4656
-41.4230,1.1017
-45.9966,-0.3675
-48.0435,1.6487
-44.1097,0.0920
-41.2175,0.8807
-44.3586,3.0988
-46.7760,0.7097
-44.9474,12.5387
-41.5882,0.3558
-47.9235,-7.5417
-42.2851,-6.7864
-51.2636,-6.7578
-47.4333,2.1318
-45.4681,7.5067
-44.9726,5.1182
-51.4758,8.8881
-40.8389,-5.3074
-54.3420,1.0373
-48.0357,2.0836
-35.8803,2.7672
-39.7173,-1.0694
-38.7766,10.9559
-50.0356,-4.3999
-38.6206,4.5225
-41.4192,0.2661
-40.7085,2.2290
-43.9683,3.3353
-37.6011,0.9360
-37.9668,-3.5588
-50.3456,-0.0091
-47.5550,6.1112
-44.4961,1.3484
-49.3440,-1.9443
-46.7567,-1.8405
-45.9933,5.7579
-38.4308,-6.9550
-40.4473,8.4671
-37.8633,-1.1541
-40.6956,3.9702
-36.6018,-0.3327
-51.5052,1.7254
-42.7088,8.9048
-31.6038,0.3354
-43.4715,5.1880
-51.2902,-2.1717
-42.1580,-4.4956
-44.2383,1.6811
-48.0395,-7.0405
-46.1597,-1.0628
-53.6997,4.6018
-50.2843,-5.8808
-45.2353,-3.4863
-46.1116,9.8994
-44.1732,1.4651
-39.9743,1.3480
-46.0262,6.7671
-44.6054,5.6645
-49.5094,-3.1847
-47.1235,-2.6944
-44.7301,4.4287
-47.6387,-13.9952
-43.3184,3.3992
-37.8238,5.2057
-47.0907,0.2456
-44.1748,1.4493
-40.6228,4.2800
-44.9026,-1.2896
-41.9612,3.8840
-41.4036,2.3388
-39.4916,3.0125
-47.3326,-2.0930
-44.0880,-2.3946
-43.6216,-1.9417
-52.4485,3.6549
-42.3258,5.8391
-45.1509,-1.1923
-44.4464,2.3036
-41.8707,-4.7212
-42.9162,-5.8923
-49.1814,1.4230
-30.3719,7.3700
-40.5225,3.8036
-57.1462,9.6599
-51.6041,6.6063
-37.5304,5.9535
-42.1686,-1.7092
-41.0328,2.7981
-39.4088,7.1855
-47.3787,3.9756
-39.0303,-2.5859
-40.8787,7.6900
-39.6031,5.3919
-44.5719,-5.6953
-43.1471,-0.4127
-33.8209,3.6195
-42.6191,4.0722
-39.8802,-7.2504
-45.2043,8.4650
-48.9991,-2.2144
-44.7263,-0.8091
-37.9243,3.8218
-54.4147,3.2132
-40.1087,-2.0967
-42.2799,3.4535
-44.6170,-0.4832
-41.5656,4.7361
-36.0659,-2.7147
-47.1910,2.7001
-42.9298,13.5414
-46.0022,3.8028
-48.6105,-1.5145
-41.2833,3.4245
-36.7808,0.3530
-51.2584,10.1686
-44.5056,5.6056
-47.2215,8.2306
-46.3342,-6.1369
-42.3176,6.4141
-43.6996,-4.9894
-49.7638,1.9466
-49.9666,-3.6555
-43.6202,12.2175
-40.6838,14.0091
-42.0541,5.0049
-45.6667,5.8734
-46.5289,5.6888
-36.4703,-7.8238
-37.1743,3.7710
-39.8347,0.9156
-41.3466,0.7398
-44.3964,-0.4287
-38.1627,-1.3667
-46.7490,-9.4640
-36.6551,2.5122
-42.9508,1.8535
-46.2798,-2.4245
-38.3562,1.6470
-46.7243,-2.8036
-50.3553,-7.6586
-40.2712,-0.5419
-44.1581,-14.2805
-43.2988,3.1119
-36.9061,6.8784
-46.3161,-1.0523
-40.7706,-2.4942
-40.5043,6.1225
-35.7676,2.6858
-48.5945,4.2351
-35.3134,-8.3634
-39.2530,-5.0359
-49.1411,4.1122
-46.1730,0.0677
-34.7632,0.0786
-36.7874,-0.5069
-42.4584,-0.0941
-40.4369,6.5453
-44.7407,-0.7172
-42.0711,11.1575
-47.9017,-7.7146
-42.3089,6.3706
-43.1331,7.0495
-48.3995,-2.1079
-48.1676,0.7899
-51.4041,-1.0548
-43.3483,0.5593
-42.0819,3.9086
-44.3642,2.7340
-42.1495,-2.8721
-45.5986,1.1481
-44.7381,-6.5179
-40.1361,-6.8139
-44.7824,1.1273
-40.4122,-1.7106
-38.9943,-10.4884
-45.4195,13.7906
-47.8932,1.0311
-43.4544,8.9260
-48.1641,11.1833
-39.1320,-1.8281
-39.7884,-0.3007
-48.7596,6.9854
-42.9981,7.4326
-42.9610,3.6715
-44.7112,-1.4213
-38.1726,4.1036
-48.9094,3.8834
-43.8411,-5.7558
-56.2276,3.6843
-38.8231,10.3594
-46.6457,1.7192
-43.6960,-0.2085
-45.1761,0.8191
-40.0456,-1.0490
-44.2589,-3.0764
-40.4022,0.5902
-42.6348,-7.2650
-51.3148,-3.1197
-44.6811,-3.5578
-39.4379,-10.8482
-39.2141,-0.8372
-38.8234,-6.1486
-41.0408,1.9671
-43.0707,2.5855
-50.4530,-4.3854
-42.5437,-0.3040
-50.2756,-0.2468
-43.3106,-2.7459
-29.6818,-3.2265
-36.9911,-2.5193
-45.6236,7.8811
-36.8766,5.2276
-49.4335,12.4186
-46.9431,-2.9207
-53.1335,7.2558
-42.9479,6.6671
-34.1288,-6.2281
-41.6753,-3.7172
-38.5246,0.4393
-36.5406,3.2810
-48.3871,1.3291
-45.7201,2.0979
-45.3483,3.8067
-40.3501,-6.3062
-50.9774,-3.3903
-39.8654,6.3535
-46.6382,-6.5984
-43.2547,-7.7398
-39.8271,6.1930
-37.2997,-0.2634
-52.6133,-6.2642
-49.0685,-4.4339
-41.7909,2.9685
-41.4458,6.5703
-34.8928,4.1532
-41.6691,-5.4833
-41.3565,-1.9436
-45.1175,-1.3757
-44.8043,14.1281
-45.6879,-2.6206
-40.7813,0.9568
-44.6839,2.9931
-35.4324,4.3349
-37.4610,-3.0760
-39.9140,-2.9688
-38.3764,2.2798
-44.1272,1.4078
-37.0206,-11.2003
-37.7566,-4.0774
-39.0737,7.0160
-48.8384,7.7220
-40.9482,-6.4200
-45.9690,2.0552
-44.8784,1.6655
-47.4373,1.1389
-45.7229,2.4353
-43.9935,-6.2662
-45.2434,7.2455
-40.6685,-5.5056
-44.4743,4.4602
-37.5737,6.6031
-41.1263,-0.0576
-51.6602,2.6152
-44.1067,-2.8284
-42.7623,-1.1330
-50.1242,-5.0002
-44.3293,10.6608
-51.8094,1.3510
-49.9095,-4.4388
-42.8423,2.1774
-42.4710,6.3238
-33.6240,2.2944
-39.5774,-6.4670
-45.7198,-1.1350
-39.7632,-8.8203
-47.6626,8.6625
-52.8379,1.9832
-45.5077,4.7834
-52.6483,1.9164
-33.8746,5.5188
-37.4296,-1.0603
-46.7192,-5.6096
-33.1247,1.9997
-55.0070,-3.1184
-46.4169,-0.1639
-41.0602,5.9819
-37.1036,-8.4629
-46.9351,-1.8870
-47.2717,0.8474
-48.4416,0.4779
-39.9238,-2.8209
-44.6880,5.0705
-39.2223,2.8160
-44.6031,-0.0206
-44.4285,-2.5096
-39.8977,7.4253
-44.3986,-4.7325
-34.6682,3.2589
-41.8674,7.4911
-38.0407,-3.2109
-53.1255,5.5565
-42.4506,3.5160
-43.3061,1.5610
-37.8160,0.5220
-34.0415,3.4218
-39.5607,2.7990
-50.3926,3.8057
-42.2465,-6.1982
-48.8160,1.2749
-44.3630,2.6718
-40.8951,2.9502
-41.6367,4.3017
-34.4514,-6.1150
-48.5088,0.9071
-40.3136,-2.5337
-39.7129,-3.0059
-54.3161,5.0945
-37.7646,0.7902
-54.4482,-2.7584
-38.3834,3.4536
-38.6129,6.0800
-46.4091,0.3905
-41.4506,2.5098
-40.2016,1.0021
-39.8329,3.7561
-45.9855,1.5991
-46.6810,4.1297
-44.1435,-2.0800
-42.7583,8.0408
-38.6265,-6.6837
-41.4823,-3.6851
-50.6326,-2.9767
-46.0212,3.9597
-54.0086,-0.2143
-47.3791,1.9896
-44.0595,-0.5203
-41.4914,0.1378
-52.9147,-3.7071
-43.6409,-3.0589
-44.8349,3.4328
-48.5179,-3.5970
-44.8546,-6.8075
-49.7547,7.5708
-42.7708,0.7535
-42.3292,6.1162
-56.1388,2.3962
-41.2401,3.3692
-31.5840,7.7241
-48.0230,2.8974
-45.4875,-0.7194
-44.4122,-5.1794
-53.3733,-7.3576
-47.3583,-9.7731
-46.3396,6.2269
-34.7738,-1.5702
-31.4373,-5.2006
-45.4540,1.3352
-38.2230,-0.1892
-33.8791,-6.9908
-49.5104,-2.7369
-43.6412,2.1356
-43.9389,-2.4070
-44.2073,0.6003
-49.0253,3.8844
-46.3622,-0.3443
-43.1222,9.8503
-47.9152,5.9861
-44.9426,1.9833
-38.5724,2.7028
-53.1486,-5.1659
-38.1599,-5.2893
-44.3070,2.8821
-48.6126,5.7176
-49.2280,3.1474
-43.6580,-0.0793
-44.4948,5.0877
-36.9358,-1.3112
-42.5327,0.1638
-41.5253,-3.7131
-43.7141,-5.4652
-47.2077,2.0385
-42.9008,2.9665
-42.6264,-0.7125
-51.5371,9.8994
-40.3588,-5.2479
-31.8307,-1.4744
-39.1859,-5.2702
-49.1597,-1.2695
-41.0853,-8.5672
-44.3304,-7.6381
-45.9565,-8.4434
-34.2029,8.9132
-41.2471,-6.0590
-45.4714,7.0750
-41.8394,6.7336
-47.7840,4.0684
-46.4872,-2.8813
-44.4038,-2.7134
-37.3615,1.9227
-40.8034,1.5559
-44.1181,-4.2048
-44.8052,0.1662
-46.0344,7.0950
-42.3186,-0.8740
-44.6436,0.8699
-34.8847,7.7222
-43.2866,-3.8253
-42.6750,-5.8463
-39.7887,5.0825
-38.0628,2.9254
-52.4449,-3.9217
-42.0738,-2.4710
-42.1777,-1.3133
-43.7378,-7.5884
-40.5430,0.1347
-43.3144,9.5362
-49.2371,-1.2619
-31.6552,-0.8733
-37.5633,6.4815
-38.6291,1.2123
-35.5514,1.6610
-36.1970,8.1762
-56.3739,-0.1707
-43.9078,0.5614
-40.1454,2.7276
-38.9957,4.7688
-45.4715,5.6036
-41.4570,-8.6913
-44.6884,4.5232
-50.8839,7.0042
-35.7581,1.3978
-41.3385,4.3189
-37.4758,7.9756
-38.4945,-3.2028
-47.8920,-3.2697
-41.5423,-3.0940
-55.0250,-8.4619
-42.5899,-2.9748
-47.8484,5.5371
-45.1737,5.2835
-38.7140,2.2408
-52.3166,-2.8861
-44.3631,0.6952
-49.0820,5.8194
-41.9990,-1.6225
-47.6401,3.9568
-44.4250,2.9089
-43.1074,2.2229
-48.8645,-7.9093
-39.5167,9.6719
-45.2378,3.0200
-47.4153,3.7398
-47.0052,2.1798
-42.5814,2.7977
-41.8422,15.5205
-51.1162,-3.6594
-46.1285,-3.3586
-49.7814,-5.5035
-35.9279,0.1264
-45.5265,5.3584
-42.1026,1.0830
-50.0517,-2.9113
-46.0957,-1.0090
-51.3587,0.2645
-39.4381,2.5892
-43.9894,4.9539
-33.3279,4.1150
-38.2399,-11.6578
-41.9239,-0.3828
-44.4089,-4.0785
-36.8786,-3.1654
-46.1358,7.3312
-47.0916,4.5231
-45.6896,-0.5879
-43.9471,0.7477
-42.7605,9.6946
-36.7444,2.1211
-49.5176,-1.9890
-49.5552,-2.1949
-37.5670,2.1729
-49.2728,6.0046
-47.5678,7.2209
-46.1723,-0.4554
-36.6515,4.6143
-45.7026,-2.2250
-49.4805,3.9368
-48.4123,2.0025
-45.2695,4.6466
