-43.8497,-38.2430
-31.9693,32.8261
70.2308,24.6515
-1.0511,-61.4014
-74.7553,65.6373
-88.7824,-49.7174
79.2506,-65.6407
-3.5202,-28.1340
25.1038,76.7114
-18.6919,22.3737
-67.9669,-19.5897
-59.2109,-79.2890
67.9861,-93.3831
2.2484,7.7197
-80.8758,42.6684
28.2188,-44.8659
19.4819,-22.0217
11.7996,3.7883
-45.2417,49.8562
51.1418,-13.9768
39.9982,62.2983
-82.0521,7.1979
92.9306,-13.5303
98.9523,14.3381
-13.3644,88.7544
-48.6278,77.5100
95.3869,31.1545
27.7877,46.4708
4.5948,-80.9690
4.2952,34.4078
76.8184,-44.2531
-50.2439,-77.4007
-38.0867,-39.2309
67.5932,-69.5472
-62.5342,-50.9529
77.8292,0.2455
3.4277,-91.3553
-3.1155,-97.8417
96.4094,29.7931
73.0050,-42.0944
-99.3525,-2.5623
20.7880,-1.7793
-66.8214,-49.0870
-24.0497,59.3118
-20.8969,98.9217
-65.6846,-81.3890
40.4387,75.7109
38.5090,-66.9164
-46.9552,22.6171
-79.5306,-85.0149
12.5435,40.0497
-85.3873,5.1953
37.5919,-48.3151
-73.6140,61.3473
88.7670,48.4193
-22.1514,-77.8720
40.1939,-86.5312
56.9035,85.5523
-6.6415,-71.5651
74.6202,-1.6825
-26.2733,-35.0473
-5.3558,-77.3995
73.2504,-72.4443
9.8231,-23.8379
58.9607,-10.8020
-42.4583,28.3269
-62.4170,47.8487
-91.7343,-71.9030
82.6509,19.9542
-20.3647,12.5119
80.1996,59.3595
42.2113,19.8090
73.9980,37.2064
-19.6875,-61.4511
10.6070,-67.6574
53.1988,62.0821
-2.8634,69.9951
-69.1755,-84.4529
-46.8173,50.8932
44.0753,-19.5401
-20.0493,64.8694
9.7455,-57.9313
76.6608,-5.3002
31.1758,-68.9437
-18.8826,-33.5093
-82.2299,14.9104
-19.6302,-90.9719
-50.4987,-10.5317
39.4523,4.0331
89.2920,-84.3225
-83.6792,31.7443
-42.4219,57.2950
86.4365,23.2456
68.6119,-5.8397
78.5109,-9.2998
-40.6293,89.9447
67.4843,-74.9527
-45.1424,3.1083
55.7503,57.1926
-52.5120,19.8612
67.4624,92.2330
67.4482,-73.3374
82.0063,-76.0778
45.5518,43.1082
51.6678,-36.6160
13.2291,75.5101
91.1837,87.5751
28.0276,83.1252
36.3437,16.3544
-57.6810,-99.1851
55.1170,-8.1821
-91.4632,-91.9202
94.5590,-15.4464
-82.0292,-6.7948
77.8254,0.1571
34.8195,10.8179
-48.5556,28.0289
40.8796,85.1255
81.2925,3.0209
-82.1520,69.4364
-66.4094,-44.0778
90.6092,30.0309
-9.2854,59.0393
97.4438,-82.9696
4.1871,45.0847
-83.6403,-33.7750
96.7040,20.8776
-87.9813,-91.3727
66.2343,-3.2837
4.6583,95.9431
73.7802,-95.0481
-53.8345,84.9416
46.9367,-6.2554
63.5556,81.8064
50.4075,74.5330
52.1635,41.9351
2.1882,38.5350
-45.8227,-61.7796
25.0994,62.0286
1.1488,-44.9230
-70.1523,-87.2600
84.0873,-57.2555
-38.2366,-6.5417
-36.9938,-42.1414
26.3343,-77.1977
-86.3681,46.8814
49.3840,51.0743
1.8391,90.7320
69.1813,76.7020
2.4892,-17.2200
-72.7756,5.4090
51.7296,50.8887
-60.5905,59.5780
1.3594,93.7752
-79.6233,48.8372
-49.9406,31.8832
-39.8380,47.2104
-96.4174,-34.6047
22.2858,-33.3104
89.9970,-28.1430
72.9418,39.0946
42.2938,85.3627
4.0848,-57.8532
-55.6889,-75.0975
-92.9228,-24.1372
31.7876,-4.1848
52.8636,41.9059
-22.7620,99.5660
70.0094,-24.1886
40.6348,24.4556
11.2825,55.5424
76.4232,61.6500
29.9774,28.6596
31.7022,59.4734
-58.1045,-51.5882
-16.8488,40.0267
-52.4144,-76.0791
-7.8299,-52.8789
84.6957,71.2320
-92.8593,82.0891
-99.5730,-83.2783
65.0920,25.6382
-97.9326,7.3171
-23.4953,-1.1190
43.5430,93.4719
-93.3379,-8.5078
-88.9795,-3.4540
29.7048,11.8563
-90.3006,-36.7369
91.6202,63.3856
-78.3823,-66.4051
-96.3810,92.2504
-7.8487,34.3571
21.0717,81.8672
-52.2760,4.7528
-32.2973,91.5188
-85.6799,-0.6855
11.2506,70.2338
68.5387,-39.0875
-92.1823,-20.2140
-90.5551,-95.7585
20.8646,52.8260
-50.9956,-73.1267
-7.1404,-9.2838
-20.3027,-23.3606
-12.6606,-81.3323
45.9456,-4.8202
49.4843,-73.2109
-38.1742,-97.8670
39.3989,97.9227
25.2044,15.2779
-13.7251,-59.6844
99.1199,-58.8732
-11.5379,82.8566
-89.2147,-94.0433
-57.9257,-24.7648
-49.8149,-98.8533
64.2804,4.8366
67.4777,60.1459
72.2770,65.3230
-28.5780,80.0502
-43.9662,95.4669
46.5650,80.1568
-1.0796,41.5382
20.8146,14.3657
-16.6379,-70.2834
4.8403,-24.7916
66.1758,49.7937
-68.0751,-30.2912
-11.8963,68.6811
-42.1199,88.1977
22.0508,77.9330
15.1099,-78.0258
53.1313,45.6231
62.1340,81.4848
-53.8317,20.9611
5.1617,-20.3023
-30.1949,-76.6572
-54.6875,-3.7085
22.4091,-22.4269
-75.7698,85.3937
80.7303,-49.7109
-88.5279,16.4704
-35.7012,-65.7734
23.1130,89.8789
-96.1537,-7.0631
29.0308,-32.7264
-38.0659,49.2458
-70.6536,-50.8011
30.4368,-31.0350
-22.2213,83.2005
36.6045,45.9610
99.2989,3.0493
-39.8947,65.0686
67.0685,13.3357
-25.5113,68.9867
46.0681,53.9584
98.0292,83.7426
47.9386,-91.7642
-95.3023,62.5920
33.0338,21.1195
-25.8470,23.7313
-76.2359,-74.1232
7.5283,54.4516
39.6457,-78.8259
23.3073,35.6090
-68.5933,1.7009
-80.7939,-61.7565
38.2886,28.4813
-89.8938,-45.5396
89.6460,-66.5497
-82.4165,51.2747
23.7561,-96.1107
5.4191,86.1405
37.6182,-35.6095
-2.5668,3.9393
-50.9796,38.4172
43.7924,30.7419
56.1824,-40.3200
-84.4480,97.0488
-51.7773,36.1939
-59.9022,-57.5489
50.2957,-35.7995
85.6429,81.2552
50.7654,-60.8522
-70.4216,-34.7561
11.5297,70.9958
13.9389,-7.1449
-17.3212,-38.7922
-68.8696,-21.0254
17.9567,-54.5907
-40.2531,-27.4801
36.9762,48.8807
40.9957,-28.4300
93.7082,-87.9123
-61.2345,-90.0148
10.0900,56.5018
-55.3989,26.3009
87.2209,69.3599
51.4116,86.0253
-72.0715,-75.9300
-4.0477,-45.0852
79.0952,5.0363
-47.1842,-56.2216
63.5919,66.3130
26.8899,-71.3022
-90.7746,-70.7953
12.8197,-96.8182
46.3935,-23.3832
16.9269,-17.7193
-97.2596,9.9039
-65.7804,67.9393
67.5860,-48.0882
23.2633,74.9630
-56.6050,43.9644
-6.8944,-92.8288
-22.5575,-8.6369
47.0947,57.3714
-38.8708,-32.7928
-27.6472,-34.4418
-76.5308,-82.9174
-50.7980,-74.6668
-57.0822,-24.2397
-81.4047,-71.0704
20.5893,74.7501
21.1110,84.6503
-51.5555,-14.1809
15.6746,74.2334
-29.5950,-39.8981
36.5162,23.2593
-62.1605,-38.2839
-88.1289,78.9260
85.7048,46.5940
8.9238,72.1214
80.9954,81.4000
-5.0180,97.2940
40.4702,94.8845
-92.0570,-76.0104
38.4335,-72.0855
-31.9660,9.9728
91.3282,-53.5971
6.4502,38.4617
-75.1993,53.6925
-42.2238,36.9139
-39.2007,-35.3285
0.5637,-62.0880
49.8962,-0.3602
-76.8113,-64.8952
-88.4622,54.5831
28.4639,-12.1038
40.2240,66.7328
-18.1189,-99.2409
-59.4610,-91.9584
14.0386,90.1654
-73.4820,28.9306
-44.0739,74.8016
-71.2567,-95.0250
90.0974,-18.3497
98.6586,40.9694
87.4596,22.4402
-41.6926,-27.8188
-64.0245,27.9130
-70.8207,-4.6793
83.8883,-16.6958
12.4913,-74.8469
-61.1892,-60.4852
46.1194,93.2813
22.5565,-79.0328
-41.3681,-24.5722
88.5153,-27.7198
-14.7703,-21.3692
97.3876,23.9135
62.6800,59.9736
72.5748,60.7795
18.5866,32.1518
15.5525,-38.7525
-87.3893,-14.2299
46.1616,99.0015
-89.7276,79.7185
55.1634,-62.3496
-56.5183,-93.2501
63.5649,1.8382
68.6093,32.0956
59.0878,5.0340
-85.2774,28.7023
8.6061,-46.6172
21.9715,-15.6331
77.5325,-89.1281
-50.8825,64.8930
-15.5656,79.8122
-16.6998,-72.5435
18.9310,-42.2366
58.7252,75.0409
-29.8827,68.2516
-29.2781,65.6553
21.8745,22.6565
-66.3450,-94.3126
-45.2198,83.0838
92.1412,37.0925
-85.9485,96.5401
-73.4049,-60.9364
-58.0312,77.1606
21.9942,-60.8708
-42.5295,15.7531
28.2357,-42.0045
97.9765,96.3282
70.3301,-77.3395
-16.1001,2.6064
62.5545,-40.8828
3.4055,-32.2750
23.7022,-13.4537
20.8973,61.0599
16.8957,-88.1983
-92.5588,-90.6328
62.6466,59.5727
82.8291,-24.0581
82.8232,10.7848
85.7223,74.3386
0.2582,85.3913
-32.8653,-42.2130
-45.9526,20.7117
55.5442,77.4156
35.8958,-56.9092
-89.5698,-94.0836
-23.7058,88.5384
-83.7543,-4.3700
14.5021,-73.0439
-59.9392,-1.7595
-55.5982,26.8155
28.8494,95.3388
-36.4656,0.4417
-50.2810,63.0657
92.9135,67.0779
47.7557,-0.3086
-11.7303,99.4412
-97.7072,-70.0796
-86.1176,-8.4717
87.1780,-81.8812
-68.4290,61.6490
-59.1644,-48.0899
88.4514,-93.2251
60.5390,56.3262
-48.0671,67.9337
59.4617,-26.9234
59.8669,55.2869
76.7110,-39.1778
77.7286,73.3662
38.7287,94.6940
91.3998,12.1055
11.0950,90.8180
-22.7403,-68.1464
-77.3793,26.7685
95.5408,-43.8268
41.8297,-51.8044
68.0678,-55.9179
78.1179,8.3207
82.6632,17.9842
90.3264,-65.8145
-80.6721,-22.7619
6.6666,44.3100
-32.0228,-36.4492
-65.5535,-84.5268
54.2710,84.1514
93.3960,-88.9014
46.1782,42.6626
-92.7061,-57.9681
88.1867,-9.8112
-23.1910,-22.5647
61.8219,10.6841
-37.3766,-57.1991
82.2563,-32.6949
-30.7565,-20.9414
-16.9369,64.1157
52.3072,-1.6357
76.1080,-26.8904
-97.2024,93.3520
-93.3759,-6.5384
56.4220,51.0113
-78.7252,14.9197
-22.9140,2.1103
-88.7492,72.0745
-52.8437,69.7460
1.3934,6.3847
26.3555,-20.3237
41.3858,26.2052
-37.5104,68.6780
-10.4289,0.8977
-17.0243,17.7438
14.2570,-13.0393
-7.6030,-54.3891
-31.0329,-15.2603
-74.6269,81.0196
49.8822,52.5235
24.1148,-79.2388
39.0308,50.0181
-84.6447,-67.6015
-49.7433,-16.2709
-84.9588,-63.7328
59.9514,25.9124
-30.3562,-91.9061
94.3137,-10.7097
-96.2006,-17.0406
3.4589,-87.8156
40.0153,47.5943
34.3257,47.5548
47.5382,47.5550
-6.7245,-25.9523
73.3149,41.9872
26.0344,-82.0921
-64.4128,-11.5853
-72.3508,-42.0781
-31.5632,-90.8737
22.3618,14.2216
57.2202,-95.9099
88.2546,9.9211
-21.9743,-87.3917
-43.6658,57.5123
66.7326,60.1617
-93.0290,65.0876
-15.0523,-21.4257
6.6519,10.6053
86.7961,-40.8314
-66.5020,12.4720
-35.9161,-10.9760
69.2302,-80.3424
72.0620,85.3368
11.1248,36.1100
-17.9581,-30.1505
-6.8493,93.4241
96.3905,92.1873
-75.6684,19.3850
59.0915,-5.8348
32.9710,-15.9494
16.2781,88.2634
-19.9834,-99.0965
-76.0973,-1.3869
-79.7089,-39.8283
-57.7987,26.2814
-70.8705,20.3113
-15.6441,-30.4119
-7.2116,20.0380
-50.0245,80.5074
-51.5948,40.9284
73.3926,94.4453
-72.3039,45.0503
-51.7980,29.0160
-30.7731,73.2066
68.0053,-1.8091
15.0503,-39.2612
88.3067,59.3164
-96.1334,-44.1230
79.9167,4.1793
-10.9325,75.1488
-83.1471,-62.9471
65.9085,-83.5494
-72.5828,59.1965
-12.8330,-28.6612
-14.5940,32.1092
45.5719,77.6256
73.4814,-32.7128
64.1741,-27.4842
-55.0829,73.5026
-52.4952,-31.8428
-95.6899,-38.0505
-75.8343,78.1410
-1.2086,-25.8492
-84.0595,28.7463
-61.9023,52.1991
-24.9176,40.2768
-56.4070,-42.8824
0.7886,89.6467
-65.3118,-9.7124
77.3377,87.8871
-79.9126,-52.5860
-53.0409,-91.8019
0.4001,-53.1649
-40.2578,0.7115
4.3538,91.8525
-75.4475,-19.3245
30.4331,-79.5810
-37.0888,11.2741
78.6128,-4.5343
70.5583,-52.2824
-49.6001,-76.0580
-32.1913,4.7826
-60.3323,-75.7335
87.9485,-62.6240
-16.4004,-82.6412
-49.1572,89.9581
83.2648,-24.0726
-48.6929,36.9112
76.2592,44.2453
-63.1993,29.9659
-31.8034,93.0647
96.5159,34.5134
18.1990,71.8559
84.9596,3.7352
56.1345,60.8842
-0.8271,53.3368
-2.7263,21.4318
12.9893,-99.9303
-16.7199,-7.7565
-82.2885,95.7524
22.5897,-11.7777
74.6246,-92.9098
31.2831,-37.4258
-44.5720,39.8216
-91.5339,98.8595
-84.0600,10.0041
-74.2378,71.4503
12.2362,62.4731
91.2592,39.4394
42.3237,-39.4583
18.9403,-13.1465
90.9386,54.3836
-4.8532,-23.4255
-73.0354,44.3859
-59.4521,-35.0677
83.2163,20.3748
-73.7014,-42.1661
-78.0546,77.9685
-58.5821,52.7835
64.5948,-36.4933
34.3478,9.4278
-62.3364,-11.8370
39.0392,11.2339
-11.0298,28.2900
5.3377,-2.8626
-50.9752,8.8858
-23.3103,-24.9919
57.1254,26.9761
8.3156,-89.4186
66.2149,-51.0526
-10.8256,17.6772
37.6523,40.2697
81.3944,-38.2740
39.3940,92.8032
-62.4918,-3.3085
78.5511,-55.5077
1.8556,-46.3385
-14.6526,45.2025
42.3405,57.3882
-83.6240,-90.3155
-94.6203,-75.0015
-59.3124,0.9569
-72.1743,14.8936
41.1113,50.5267
18.9184,-17.3437
-16.0923,-8.7784
84.9590,-40.3974
-73.1320,-48.2237
86.5159,-36.2612
-95.5097,24.2786
31.0372,63.5032
-16.0811,-27.4729
-66.9498,-23.5304
10.3409,64.9649
-40.5354,-12.7154
41.0527,59.5265
31.1111,4.5107
30.0276,62.0526
-84.5701,68.1438
-17.8917,-90.1901
73.9401,-97.2514
78.0484,-31.7375
-33.0616,59.6178
32.1812,43.5449
-72.5942,61.5731
40.2707,-52.0681
51.5832,90.3210
-97.8937,48.1524
-2.3731,6.7031
18.0431,68.6780
31.7695,-96.0437
-90.2075,73.3870
-29.7794,21.8977
-29.6101,10.9722
57.4899,99.8023
-24.3398,79.6181
19.6342,-77.4675
95.8239,91.3798
-35.4870,-50.4074
-30.8582,-85.1711
-95.1076,20.5613
89.9047,18.6366
-16.0797,-71.5266
-32.8949,43.5563
0.6249,49.0965
-94.3730,-73.3872
-39.2140,8.3839
33.1167,-91.4789
54.9038,-91.3472
-58.5503,60.9457
-93.1321,-79.8178
-40.1375,-91.4594
97.0535,-78.9536
67.4683,-73.1048
6.2054,63.4051
-15.7309,-11.5525
96.6120,-57.1903
2.3914,-12.7200
-23.1335,-50.3394
-27.8238,-52.1712
17.2978,87.6205
-35.8752,37.7755
57.3272,-87.8203
91.7802,63.1096
4.4700,73.9792
54.1609,84.6358
74.2197,64.5362
-8.3190,-76.7468
-93.0749,-48.9501
-92.5613,53.9415
-68.4959,-49.7059
-19.2379,50.4934
92.4493,-93.7129
73.1034,-95.4087
11.8254,84.3764
89.0860,-49.4698
-85.6924,-84.9110
81.0287,97.9385
-38.1561,25.1957
-83.0678,-11.5566
92.7776,54.2488
96.2476,-2.6849
0.7534,-69.4966
-93.9416,-23.8735
55.8753,-88.2776
93.8876,-27.4560
45.0936,21.9262
72.1175,-81.0842
80.8230,-0.6694
69.4870,72.9381
-67.5981,-74.7123
46.6806,53.2329
6.5739,-65.3305
-91.8657,54.2198
3.8918,-53.5078
-5.0114,-15.3329
95.4696,-37.9441
93.8194,27.1798
8.5317,22.2722
4.0102,-23.1559
75.7969,37.3524
-13.7140,-31.1764
89.7820,-84.2270
90.9548,74.9582
-19.1810,78.8956
-76.9384,-67.0185
23.0884,-15.6182
-62.8154,78.4854
75.0587,55.4250
-74.7865,18.2755
77.2782,74.7735
71.2536,-25.8616
-27.4759,-62.0207
77.3157,-45.6192
23.6974,-34.7258
-81.5513,-82.5956
19.0148,-58.2876
28.7526,-13.3113
-20.3702,97.2330
-36.9509,-29.1086
87.0709,-40.0019
-84.8359,-75.7466
79.0167,-49.8482
-43.9513,35.1211
-5.3079,42.4033
-3.5412,40.5688
-27.2028,-5.2110
95.6144,-40.8311
-8.8873,3.6365
71.4598,-90.7491
75.6981,-82.9722
25.1033,10.6921
83.4281,72.8773
-22.7252,-22.4724
2.5368,-20.5084
-9.1136,-73.7336
-92.0260,94.9028
-57.0517,70.2252
79.2869,-36.9157
46.8674,-69.7865
-29.8982,-78.7584
-3.6088,-81.3471
89.7016,-72.4391
-83.9572,-20.5438
-67.4071,-97.7909
-57.4918,64.1413
43.8962,86.5941
59.0918,40.1982
-80.5148,-56.8795
65.2369,-70.0049
-58.5611,82.0463
-84.8893,79.7208
79.9650,-77.5432
-24.7001,-17.5024
92.5233,34.9397
85.0968,60.5294
64.7043,-91.7143
59.9704,5.1594
-51.4322,75.4881
26.5078,21.0922
-55.0453,-62.7324
-7.2699,72.3221
3.5574,-35.6597
-50.9720,-7.6431
-57.4271,47.2255
-71.5413,-94.4240
79.6398,69.9456
55.6399,-65.1055
-99.4996,-51.9213
-81.9130,-96.1080
-59.4127,-5.0885
-53.1323,-96.5909
31.7673,-41.2305
-28.2997,-8.2212
-83.8130,96.2454
54.6812,-6.6653
26.2290,21.6460
-53.6284,-65.0618
86.6627,-95.0033
-84.5696,96.4138
82.7188,2.6292
-44.6722,-60.7923
-59.4093,-56.1851
-11.0037,52.8118
-90.8623,-23.7264
21.8357,69.6446
37.0375,73.1052
4.9964,78.9438
57.6016,-74.6906
51.5068,-87.7348
76.1395,-4.4024
48.9979,-28.3702
-84.0911,-20.7717
-67.4640,89.8515
94.4024,-30.7865
79.9597,77.7733
-27.3466,95.9974
-21.8454,-50.9495
45.5749,-52.1398
25.2140,6.1588
-25.6441,49.4057
45.8138,58.5256
-57.7843,20.7052
-97.2451,49.4083
61.4198,-89.5193
-24.5907,-84.1515
-71.4511,-83.1790
-88.7121,-83.8765
68.3457,-66.4734
-76.3016,6.6469
-23.9837,76.4553
-49.6532,82.6622
70.1164,-91.1669
-65.6432,33.1321
-28.7119,91.8955
-9.3267,76.0212
42.4080,-48.3198
-46.1448,-63.3077
5.2663,-3.7970
-81.8944,-2.5674
-44.9481,-21.1217
-2.5503,-94.8614
8.0594,-97.1242
80.8857,-4.2803
3.3467,19.6577
23.4827,-75.4410
64.3031,-97.3213
97.7296,-7.5141
-42.1319,-81.8780
-46.0619,82.2613
6.1850,41.4967
-3.4582,58.5820
-2.4862,61.0716
11.0462,10.6577
87.6502,59.6346
-99.2137,-18.7762
-34.2977,86.7697
-23.0645,81.2780
-62.8303,-95.1730
-97.8798,-86.8802
-84.8879,-95.5685
27.3322,-83.9314
20.7074,51.2287
25.9816,89.9499
83.3114,2.7445
33.1231,-76.8372
44.7819,-29.3420
70.6859,72.2338
84.8087,60.3629
1.1371,70.3354
17.8226,48.6758
-46.3856,80.3297
-77.0259,55.5923
-7.8772,-85.4640
-61.5225,39.6664
-27.1197,-98.0380
-63.2015,-90.1430
-79.5221,26.2670
60.4026,75.8971
-26.6719,33.7589
-53.0775,-29.3239
8.5721,-60.0189
74.5761,-9.3920
48.9655,-69.8886
-68.5336,-79.9039
37.1066,-1.4518
-35.9275,46.1152
-6.3186,78.4162
-56.7167,49.3648
-32.1952,25.9844
-90.1112,-74.6419
-85.0224,-5.5622
87.4658,49.9589
-32.4177,47.0434
-20.5703,-86.4399
66.5625,39.5696
96.8321,53.9651
15.2990,13.6987
8.5807,-2.5788
-6.6109,-19.6966
-26.5820,91.7098
-52.9198,-94.3032
-67.2915,-34.0190
-5.8234,-22.0405
9.7901,-5.4606
53.8242,2.2925
-87.2932,1.4064
85.5549,31.4360
24.6597,39.6114
70.5909,72.4283
-92.4925,-64.5574
-29.3171,-67.5856
78.3348,46.6290
-62.5024,29.7008
-56.5746,-95.1913
-42.4382,26.7240
-43.1461,-32.3532
-59.9702,69.1886
44.5688,-51.5073
-99.9626,-11.9424
-82.8075,49.8692
45.1541,-74.2609
-46.3450,-35.0698
-71.5854,93.5921
-83.2743,34.1963
70.0727,2.8606
10.8425,-32.1861
1.5252,78.8445
-61.1010,99.9958
15.7925,22.0077
48.0828,-38.7863
23.9468,32.6698
-3.2105,-77.1153
96.7327,-67.7969
73.9908,-56.7156
54.2848,-26.0005
93.8968,49.1376
79.3907,13.9437
-55.7214,-22.1079
-80.2987,24.8105
12.5027,93.3850
1.2134,62.9051
-46.1349,18.0350
-53.7795,39.3069
-46.1542,-30.9386
44.5725,26.1180
-9.6362,65.4860
34.7828,65.1988
78.9330,95.5290
-12.3623,-16.1257
-63.6780,22.3675
83.9526,-63.0830
20.5432,-71.5074
-54.0089,-46.4985
91.4690,90.4035
-85.4187,-65.0136
-42.4810,-45.6094
86.2949,56.1013
8.6578,-59.6797
-43.5639,48.7567
-7.1081,16.9039
-8.7438,9.7749
-90.1858,16.2334
73.0761,25.6107
-55.0651,59.9556
-8.6659,47.8408
-41.9263,99.6051
-67.1901,-47.8953
-22.5457,20.7517
83.3842,-39.5037
78.3039,31.7741
33.9018,-3.0545
29.4021,-21.4681
-0.2366,-65.5308
80.6440,-86.9172
85.3045,70.3532
16.6020,36.5908
41.7520,22.8887
-60.0212,-51.8912
75.2549,-47.1279
93.9441,13.2325
15.0787,94.6313
23.5509,32.0625
79.2658,-84.8162
31.6439,30.1028
59.1359,-14.2145
-69.5230,-87.0465
-9.1324,31.6646
-1.7413,57.6202
83.0321,-45.0454
95.7266,67.3301
99.7957,96.8299
-99.5429,39.7470
51.4176,-60.4694
-83.8756,4.9488
-79.8030,54.3310
-60.8747,84.7907
67.0488,1.6230
-53.1628,7.9178
46.6190,37.4601
67.9377,72.7527
17.7598,-3.5697
-36.4267,92.9655
60.1164,-53.0579
-60.4566,-44.6198
37.3269,91.0581
-14.3390,-54.0864
-1.3737,-58.5570
95.3157,80.0085
-25.2759,44.6804
4.5946,78.5833
-98.8361,56.1116
7.1031,-11.8333
10.9662,-23.4950
77.3168,8.6413
19.9296,-43.4808
-16.6812,51.6775
-72.1274,-96.1811
43.9651,29.9078
8.2915,26.4486
-81.7504,-74.1588
-66.9212,-87.2419
35.8252,-91.9798
47.3146,1.2104
-2.6858,-92.6021
-97.7479,-18.5049
-35.3189,-67.0490
37.9760,-52.4445
-84.8567,38.3907
-47.1259,-24.6396
87.3069,-30.5446
-87.2993,-11.5190
-10.1969,-72.0172
-98.3690,-13.7227
-17.2301,38.1839
-7.6234,-64.0499
-38.1082,-43.0519
74.3498,94.3213
66.0392,64.1244
-51.1446,-57.8731
62.5331,-92.8825
-90.2647,-1.5164
-1.1154,12.6690
-75.3740,-38.3557
73.0670,24.9987
64.5943,-17.4661
79.4514,-93.1852
0.2983,-79.2106
-56.2472,19.0078
82.5647,-23.1699
84.9157,-57.4580
72.5073,27.2936
10.4503,-6.0607
-60.3727,37.8873
-70.5593,16.5086
-76.5368,69.8826
-21.9682,64.0749
32.4789,-81.4425
-51.7660,-38.7024
-60.7407,61.7397
-80.5214,3.5690
-66.9780,-51.4526
94.1844,31.2968
-15.7538,70.1356
-63.5296,81.3950
-73.1151,-36.9294
-46.2453,72.9682
-66.1292,41.5669
35.8295,47.3659
38.3604,-77.0464
5.7170,64.4184
35.5874,23.2347
95.0664,4.6490
-17.4706,28.7932
-27.5072,44.1005
-76.4016,-20.2797
-76.4718,89.5945
66.3381,92.0014
-32.2516,-79.9078
92.4666,-3.9071
1.2686,-27.9622
71.6614,-13.6449
54.9106,-16.1410
-98.1025,-54.2432
97.0207,-92.7093
95.3309,65.0235
14.4233,-44.2594
1.8986,65.1281
-3.3182,-19.1941
-14.6276,76.5495
-29.8581,0.8157
-16.7602,-24.0455
88.6424,48.6099
-54.0174,50.0304
-65.9702,-85.9420
55.1048,44.7090
-90.2476,50.0033
26.8823,53.1372
73.2359,77.3916
-36.7676,-87.9330
33.5539,15.0670
35.4874,65.1611
59.2586,-27.1807
-92.7374,10.0525
3.1726,-13.4078
-68.2608,-54.6422
-43.8643,12.1215
96.1708,50.7430
92.6513,92.5303
85.1696,-73.7032
-23.1839,-80.4392
57.2212,59.9952
-71.1319,32.5536
-68.0629,-64.2918
30.2681,90.2505
-21.2377,70.5187
19.3036,-42.2355
-0.5228,-83.5502
-21.7455,63.9574
-68.8598,2.2453
-99.8543,-72.6431
9.0337,47.9165
96.1049,52.1526
-56.6251,95.7650
76.2843,25.7020
83.1821,-73.7617
-89.0462,-30.4099
-16.5770,7.3692
-84.2720,-69.0940
68.7971,51.7956
20.9961,84.0949
-48.5843,32.8556
52.0337,-8.8874
-27.0283,35.0301
-93.0588,-66.1195
4.1027,88.4093
-43.4156,-76.2539
62.3022,-37.9012
-91.6447,-2.7364
-14.8590,-76.8560
29.3125,-5.6265
41.9213,71.0077
-82.7351,-54.8898
-89.3953,23.7618
12.6633,50.3668
80.2275,72.9946
-88.7055,-77.5579
71.4525,22.5966
16.9188,56.9514
67.0902,-68.6567
1.9585,0.5761
-46.0948,-45.3688
27.2680,-21.8533
-48.1375,38.2300
30.1794,-6.2527
-79.2035,64.3899
-48.4412,19.0793
60.8501,-8.1405
-99.0095,86.4487
-87.5311,-56.8753
42.3208,25.7185
50.2478,48.0513
56.1145,-37.1053
-71.4953,75.5375
77.7119,-38.1386
53.3426,48.5064
-19.0320,-92.4396
47.4471,-28.0460
-15.5058,10.9310
33.3210,-42.8260
55.8872,58.7428
-47.9274,-56.0604
79.7194,-78.0123
-28.8601,20.8071
-71.7189,77.1613
72.3177,84.1408
-99.8416,9.3173
-51.0739,-2.4505
-9.6882,80.4041
48.4449,17.5428
41.3002,75.8255
0.9618,-92.1349
12.7978,39.2462
69.3955,72.8786
74.4147,98.3192
46.7470,-35.4213
-37.3848,-45.6497
-73.9267,-67.2028
-92.1241,-62.8144
33.1459,-15.7536
66.8591,73.9912
-88.1448,22.0478
42.4164,20.2258
-90.0118,-11.1783
83.2274,-61.1460
-90.6457,-11.0587
19.6239,46.8090
-6.6664,-60.9517
-35.2970,-24.0742
-84.8578,45.5688
66.1325,-99.5747
16.7217,-90.3171
-44.2385,-1.2431
95.5798,-78.3611
62.9424,-79.2897
-36.4889,53.4363
-50.5286,68.5971
53.6855,-81.8127
-76.8552,46.5383
81.1021,55.5135
10.2642,-68.3462
95.1621,-51.3146
57.9359,-35.6661
84.2333,-42.9673
-88.1282,41.8385
8.4972,56.6990
15.8062,90.8964
6.1975,61.0144
53.4258,-11.2879
14.8456,66.4031
-71.1869,64.7695
-0.3479,-7.1660
-36.1111,15.4131
-23.7693,-60.5348
-18.1055,18.0464
-11.7880,-80.1210
-12.3278,-62.9805
-19.9459,-33.1502
21.5445,99.0070
60.8572,57.5506
-1.3260,87.3025
11.7290,-13.6214
-21.3474,81.6971
-87.9903,36.5186
-92.0280,-77.6171
-29.3472,-68.2506
70.7390,45.1688
-29.1352,-59.5474
30.3982,43.2044
76.9840,85.2515
-22.0010,79.1627
-46.9883,98.5427
-1.4158,86.7342
-75.0524,14.1813
21.8767,-10.2611
20.2928,-50.2471
0.6283,57.5394
65.6692,-31.1729
36.5603,13.9223
72.0631,75.6111
-80.6753,-43.6885
-98.1204,71.1876
62.9644,82.5106
82.5884,82.8657
-85.7814,99.1598
-89.9546,14.1157
9.2561,-85.7663
38.4059,-97.8358
6.2337,3.5507
-83.2188,-43.0401
81.5668,-59.5096
-74.9558,-86.4524
70.3189,-93.5214
29.9800,13.6779
2.2739,87.5103
-30.1991,14.9285
-25.6692,-97.1260
-94.4655,-91.6109
32.7595,67.0681
30.3125,62.5870
-88.8053,-25.7498
39.1780,-80.8582
92.1600,21.9927
-67.0568,-34.4707
10.8350,-91.4889
12.4733,-57.7020
5.2244,-97.7115
10.7229,73.9420
-95.5573,99.4424
-13.2011,-45.1568
-52.7196,87.8660
-94.2941,-15.9348
-44.5539,99.5978
52.9784,-81.8710
-19.5392,-89.5142
80.6509,63.3666
5.6479,-73.9108
60.5868,43.1186
77.5166,92.5720
77.7560,-27.4750
-31.4186,51.0820
60.1551,-99.3703
1.3965,-24.4377
64.2054,58.7052
-55.0723,12.6102
62.9001,83.4461
-12.9065,-14.1966
-69.1165,-12.0609
91.8367,65.8776
72.7942,-66.6989
-37.9666,-26.5646
-79.8209,-64.0191
-61.9832,12.5475
75.6613,-35.6546
-63.4496,-56.9371
90.0040,-69.2293
13.0576,-16.6681
90.2212,67.6028
96.8544,93.0142
-43.3284,-7.3363
-87.9435,17.4863
-57.2253,18.8731
10.7919,-26.7062
44.8278,12.1816
-25.4677,-96.1546
-92.1339,-87.3776
-15.2112,60.9742
-44.6591,-41.6495
-46.3556,-40.5863
5.5366,-69.1558
92.5506,-68.3351
-6.6422,-63.2553
-99.8516,-80.5161
29.8027,-66.8589
90.6484,76.1237
-48.5710,-54.7133
29.1755,35.6230
-66.7732,31.7762
85.9018,-30.9015
-76.9625,45.4964
-91.5252,-72.5523
-80.5535,-22.2485
-84.3046,78.5717
-3.5686,-42.8307
-39.7544,51.4113
-80.8404,-18.9669
-82.4677,94.3383
-22.0087,32.1890
-77.2724,-67.6423
-2.0186,-3.1832
-63.9750,-11.0747
-75.8886,-20.7103
80.6100,-55.7450
-51.2738,-63.4928
-90.3221,-43.1619
-65.3952,-28.5127
45.6151,-67.4380
74.9089,-75.3984
-51.8498,-45.9371
33.9708,93.5537
49.0095,-15.8835
-54.1631,47.5195
-74.3680,19.8092
-21.1113,57.1044
39.1525,54.6521
-55.7542,38.9932
-67.3385,-19.3807
-27.3058,-50.5073
-88.3372,-3.4408
-88.7495,-27.4982
-74.1396,-3.7073
5.4619,-20.9711
-91.9025,45.1718
98.7575,-86.3240
59.3117,-83.9916
52.3159,-73.2252
-62.4761,27.6470
75.2164,93.3916
-90.6141,92.1728
-90.7221,18.0300
25.5859,-23.9465
19.9871,-63.7414
-71.7615,-45.8573
44.4006,1.6764
-22.3497,-98.0819
-93.8606,-28.8436
-93.8300,-44.3069
-39.6653,-38.7103
33.1667,-63.9316
-67.5040,42.4307
-96.5085,-0.5182
-53.6303,-16.3038
-53.3984,-78.5028
-71.1928,-63.9595
-22.2845,99.2244
87.1869,-69.0767
67.1371,64.8141
61.9344,-60.1189
-55.6055,-76.1142
62.7589,70.2761
-81.6229,12.5624
41.2207,-54.2377
-30.5331,-78.8546
-51.5931,34.6043
42.9163,-38.1315
-45.1293,85.6426
-5.0811,-91.3915
-9.6111,-92.8566
-14.5426,38.8250
93.2456,91.9253
42.7279,-12.5081
-82.6718,-39.6124
98.3766,4.0902
33.3251,-40.7197
56.2136,-82.4390
11.1237,-32.1408
-73.0710,-49.9997
-26.6871,32.3407
-37.3714,-38.6572
26.4407,-32.9906
79.3642,-58.0841
54.7929,45.4151
-76.8220,-10.2526
-57.5364,-6.1251
-6.5962,39.4573
-89.2259,92.3954
6.6672,13.8090
-32.1128,-84.8696
-68.8919,-42.4172
-75.4357,50.5046
-40.8418,89.7827
-89.6314,20.4257
-9.7392,-89.1282
-80.3587,14.9650
63.7351,-69.4507
62.6218,-81.8819
36.9586,25.6304
-44.2875,78.1182
64.9475,50.0782
39.9785,97.9161
-86.7485,73.5250
59.7558,67.4047
73.6856,-35.2567
-24.0888,-93.3977
-66.1906,64.1916
48.9106,46.5813
-43.5390,72.6993
2.7356,-42.3222
-14.8221,-1.8884
-45.6691,-25.6427
43.3240,-36.1329
72.2793,49.3067
-39.5195,32.6019
75.9354,84.7364
72.9577,-21.4052
99.5460,66.2599
-92.5053,-29.2606
84.1536,31.7010
-26.4714,14.4220
-89.8053,88.1634
-90.1476,-79.5146
39.4640,-21.1996
84.8292,98.2141
87.2192,-15.1674
-36.5891,37.6069
-64.3191,-22.8383
40.3239,58.7983
-12.4937,5.6533
-1.2664,-42.9432
67.7280,38.6485
-75.6809,-19.1656
16.3655,-93.6280
-45.4303,11.9977
-80.6542,-13.3613
-76.9889,17.5696
39.8190,-75.3773
6.2313,96.9834
-6.1598,-67.2704
-35.9684,-16.8934
23.8533,-84.9930
71.5439,-49.8181
47.1168,41.8974
-85.5956,93.0565
49.6707,2.4053
-45.8011,-5.8093
-41.0831,-10.2599
-17.4065,-97.0783
-7.2605,7.3158
-25.2565,-51.7928
57.8706,61.7339
-29.8865,-77.3294
4.8308,-81.1277
-15.9859,-74.1296
-59.4484,-96.5695
16.2681,-78.3246
-88.0526,31.2210
-52.2066,-63.9951
-53.5015,72.1447
-68.5393,-30.4107
1.3221,-25.9291
-97.5970,44.3492
18.8401,-70.5149
89.9670,-17.3856
85.9204,60.9621
6.6829,-8.2615
96.4122,39.5120
93.4649,-89.7620
-55.2375,-73.8762
76.0273,-56.1128
34.3595,61.1957
-60.5133,57.3118
-70.5288,-31.8299
-23.1036,48.7675
-28.0552,-19.7491
-86.7564,53.3291
-20.2449,41.2458
-44.5462,-2.2922
-55.4028,21.3535
50.6726,-15.6282
54.4595,-56.8917
-49.1041,35.1682
-69.4913,13.9338
-75.4882,-5.6470
47.4294,-64.0408
-79.0813,78.4859
74.7538,-46.0110
-91.6702,-90.3920
-21.4035,62.3898
64.7457,27.2651
77.4232,-32.9420
97.5772,-63.2695
-45.5285,40.2513
-26.0954,-27.8744
-43.8716,-95.0328
51.2835,52.2176
-59.9897,-73.0640
-55.7477,81.3678
60.5920,97.9344
77.8990,66.9842
35.3371,44.0768
44.0916,-23.6100
-90.0276,20.2808
88.5878,43.7632
-82.4505,4.3048
-96.9402,-75.2334
-62.3541,-34.8038
-81.3791,-29.1145
-62.7375,49.6602
82.7887,-2.7275
47.3939,-7.7589
-13.3633,78.5369
-4.6503,-57.4258
-22.5502,50.6932
-12.9550,-68.2962
58.8932,78.5601
-15.9032,3.1467
66.1986,97.6280
-22.0122,-72.2675
-34.6989,-48.2940
96.2950,38.4961
97.7251,30.5312
-21.1081,-36.0881
31.2807,48.6165
-12.4985,34.8556
-79.6985,50.2617
19.2329,49.2606
93.1320,-0.6496
-32.1668,73.7716
51.5386,68.4285
-25.7646,46.0273
39.6111,-23.9769
72.3132,-54.6951
-81.7752,-68.3413
-70.2187,90.5695
76.9067,32.5499
-89.2804,59.8145
42.3553,-54.3778
-11.1962,95.8864
62.3796,6.4213
56.6938,-27.7946
95.3422,-60.9955
10.6631,18.6885
-98.2976,-89.4013
20.5216,80.0595
-63.4639,44.1348
55.6579,90.6998
13.3711,-18.7097
-19.3445,42.6212
88.6476,-32.7471
52.3363,-92.5834
62.7843,85.2832
39.7090,-88.4600
-73.6344,4.4359
-74.9293,-18.9638
93.7898,-62.6269
-33.9493,54.8598
-98.0593,47.5266
79.0517,-38.7352
53.2629,-26.7531
-85.8459,38.7723
-84.2571,55.3737
-82.6695,-17.1193
-38.1663,5.1785
-64.1102,-47.1506
-98.1410,-29.6898
58.9120,-59.6490
51.9422,83.1228
8.2552,57.9302
-4.0558,6.6765
-3.3281,-0.3384
93.8636,66.4394
-57.7073,-2.5987
84.7596,43.7260
-12.5615,-59.5778
-33.9838,-31.5305
-54.7392,-59.7092
-94.0321,21.9687
-81.5129,-96.0655
-48.1461,-13.5887
-71.1875,-81.0541
-37.9082,-48.3566
-34.1311,-7.8126
46.1085,-43.8984
-25.3848,34.5021
76.5094,70.7642
69.6143,-20.6463
34.0440,-61.7363
17.8008,20.8075
70.2363,-91.3573
-5.5112,74.7596
8.3403,95.8000
20.4257,-1.4519
-65.6469,-85.5295
54.4933,-38.6952
43.3475,17.2583
31.3537,98.3782
-26.8554,33.1629
1.2321,99.5741
-51.7466,-67.4791
61.8466,57.8530
5.1379,-66.4923
-79.9353,-42.0235
-89.5434,56.6042
87.3914,59.5914
-14.5361,-88.1292
-11.6461,-78.5767
38.0666,-31.3716
80.4962,-6.0266
38.9123,40.0599
-22.5184,80.1023
57.9232,75.5683
84.9087,9.4772
-55.5847,24.2707
-39.1789,-87.5652
-17.9498,81.8299
72.2185,-87.1861
-45.3243,54.3675
-94.0725,93.5676
66.6727,-16.5839
50.0181,-9.8007
5.9383,-43.7017
92.2601,77.8140
-2.1848,90.1043
68.3953,3.1729
-0.7483,-33.4822
-66.0565,92.9901
-78.0388,-69.0308
1.7819,-54.7352
-90.9026,-10.8620
-40.4482,32.5060
53.9228,10.4106
49.4135,47.5148
47.2029,76.6961
-79.6742,-35.2022
-62.3351,-78.9245
21.7429,-15.1585
37.9341,87.5544
70.5229,-11.7613
84.6484,-84.2314
23.5995,55.3579
-7.3227,-51.5504
-10.4573,-90.9570
-27.7624,-90.5178
45.5954,-63.9435
7.0349,-23.9082
41.9271,92.3769
4.6654,22.2771
19.5365,-14.1632
-46.8587,54.2797
69.2830,32.6633
75.1200,10.2365
-69.6018,54.6509
35.3698,59.0406
61.8162,92.2973
-29.6137,-41.8207
-57.7877,43.6157
-48.3374,-54.6414
48.0785,-49.5245
28.4232,-55.8333
63.8269,-72.0608
-48.5350,19.8054
-37.2519,86.4642
-75.2268,-61.4136
67.3594,75.9177
80.3490,-88.9050
87.2717,-76.8857
-44.7316,38.1878
16.7051,55.4652
61.3773,-98.9941
-68.3821,67.0350
37.9224,-10.9874
6.2529,66.4170
-20.2299,52.0703
-9.7852,66.2254
-86.9923,87.7573
3.6930,48.3998
-2.2831,-87.9088
37.8517,63.7538
65.8665,40.1745
14.8787,-76.9870
-43.4837,-20.9425
67.3038,-27.2540
-56.6348,-60.9086
13.1234,63.8725
-81.0703,-78.1852
17.0460,89.5661
80.5606,-90.4173
-13.3741,19.5672
65.1753,-62.0267
30.8869,91.7136
-23.7963,44.3623
46.6586,0.1212
8.2143,-96.8697
-54.6177,-14.6780
-32.1950,-74.7086
57.0951,16.7424
21.4033,49.0328
-96.9465,-5.8980
-24.4772,27.4565
-65.1012,12.3475
62.3364,-20.4810
59.5747,-50.9702
55.4467,-84.8612
44.9743,-42.5151
-11.5803,-93.7778
7.9589,22.4442
79.7748,32.6140
63.5242,80.5014
59.8168,71.3045
52.0619,-41.4833
90.6355,-41.1247
21.2973,47.3962
19.4755,-28.8036
-35.2845,-45.0669
42.5674,38.5941
66.4248,71.8497
-64.1077,76.3432
-99.5640,59.3811
44.3122,2.1422
25.9465,15.7553
66.5187,-27.9462
25.3695,-11.6534
-45.1683,-23.5210
52.1434,16.5888
-45.2968,-4.1257
-64.0051,59.8231
-89.6039,43.5323
90.6231,76.4195
-36.3174,-93.2596
-18.4207,29.5507
20.7041,0.0849
-86.1580,3.7880
-88.0657,59.9979
-93.5862,61.4919
-14.7633,69.6968
67.3141,-37.4893
-75.8116,70.5329
-66.9445,-29.2189
-30.4922,27.4208
-79.7288,-22.7001
72.5449,35.3256
-52.1116,25.9355
26.5886,51.1978
78.7382,-25.6964
34.2448,52.0784
96.7850,-41.0819
1.9725,-67.6029
-37.1270,-40.7059
-25.4855,-70.8086
58.2409,60.8088
47.9235,-72.6898
48.1871,-54.5102
3.2669,-14.4243
64.8669,88.0276
40.6539,-56.7349
60.4469,93.6832
67.1073,72.6077
-8.1666,41.3335
-91.3521,55.7130
7.6656,-32.9105
-2.3814,-29.9481
27.0733,43.8409
-62.3054,-12.9639
82.2350,16.2030
-90.6978,-4.1600
-54.0549,7.3672
-27.7618,-26.7938
76.9046,12.9508
4.9534,-2.3079
23.4817,-96.0026
74.3621,-70.3127
64.7096,-66.2480
-35.2110,-69.0755
-12.4505,54.0015
50.6420,99.8814
3.5874,-58.2733
-28.8635,-86.7725
-51.1703,-42.2338
13.6951,-50.9560
-5.7554,-18.0843
70.3391,-74.6507
-19.7598,-13.0557
-43.0751,-56.2704
66.8339,-97.3050
15.6032,56.6828
95.8282,-67.1731
37.3590,-82.3010
-56.2801,39.4849
-85.3050,30.5970
8.9589,-2.1537
53.1794,-10.1029
-67.0051,18.6962
-71.6287,25.3629
-20.8693,-26.4881
-63.8744,-32.5599
-95.8390,-18.2744
37.1538,6.8324
35.2217,-10.1115
74.1476,47.1650
43.8329,28.0012
-24.3071,18.4614
12.0535,94.8447
88.2937,68.2758
-52.4317,50.3040
-15.7864,-5.9894
-12.4866,7.8340
77.7829,-22.3804
87.5698,53.3013
2.4807,-35.9057
-15.7104,-97.5442
-92.0777,46.7262
-57.9291,-45.5269
-98.7768,-6.1094
35.5794,-36.2037
-84.2230,96.3329
-66.3842,5.1756
52.3498,75.4526
-29.8335,-67.5166
26.5180,44.5975
41.8531,43.3603
-14.6466,-16.2059
-59.3242,-36.8379
24.8785,14.3545
-63.3022,24.0526
83.0609,-48.4026
98.5275,-60.8648
-64.4599,28.9297
89.7189,-98.5612
96.0403,-14.8988
-95.1344,-15.1837
-70.2469,71.9847
-95.8500,3.2739
1.7714,-65.3441
67.6906,-96.0444
88.4323,40.6420
45.9941,-23.3992
-49.4888,-72.2039
22.7437,89.2471
90.6027,-77.7451
-80.1056,-84.3834
-32.0489,-81.9432
95.3727,14.4480
96.4426,85.6712
43.2018,-70.5207
72.1281,14.2954
-51.9033,-68.3638
42.8763,-64.4012
-74.2866,73.6778
-80.2662,8.5433
63.7595,71.3465
-43.0188,27.3314
14.5703,44.4812
0.2277,-58.9793
-10.7498,47.4341
72.9432,-58.7321
84.8606,-46.5015
62.3207,21.5694
-2.6003,3.0434
74.7302,-76.3095
99.3681,-4.9356
-96.4664,88.7274
-56.0501,68.1229
-51.5960,17.2207
-65.2794,-57.8250
67.5615,53.9527
-61.1550,-68.1184
5.0073,-84.4500
-25.1118,-2.2898
47.9846,-30.1312
-33.2996,-78.1432
-29.2379,-90.5381
-69.5642,-53.3386
-53.4673,-49.3331
35.6363,40.5705
-0.4709,21.0300
95.2903,-84.3999
-16.0974,-72.9891
-97.6431,0.6480
-84.5287,57.6651
5.8174,98.6358
-12.4525,-23.7285
94.8048,-3.4654
36.7389,20.1887
76.9803,42.3209
85.8170,-14.8910
62.7679,18.5613
-61.7538,35.2211
-23.6966,94.2755
41.2553,-15.3173
-14.0793,69.9688
-84.5066,70.8738
25.1402,-25.6266
-92.1852,42.6417
-50.2500,88.8934
71.8209,-2.1264
94.7095,37.6776
90.5005,-10.6267
13.3942,37.3013
78.7349,18.8935
-99.7461,-22.6284
9.6510,94.9810
-19.4103,35.3325
31.7565,-60.7388
80.2411,-64.7491
43.5462,-16.9348
-90.3389,50.8241
98.4440,6.0192
-8.7365,-57.0261
20.8772,5.2411
-65.5110,48.3367
71.8157,83.8563
-62.3880,43.8846
84.5159,35.4304
-59.7148,38.0339
80.5801,-39.1850
99.3417,68.9564
14.5713,36.2080
-66.8111,-19.5803
53.7263,-87.4282
53.2663,-31.4753
5.4847,-99.0027
10.1509,-63.5861
1.5183,-23.8977
72.4200,-51.8632
-14.4270,74.4372
54.1762,96.9716
51.8562,72.0895
-27.1914,79.6737
8.8107,68.8685
94.5858,60.7223
-72.0556,48.7021
-72.7717,-96.9921
44.6047,-18.9274
42.6463,20.3109
-40.7663,43.7331
26.3532,96.3938
93.6076,91.0072
81.0975,-81.1667
62.5622,-13.4882
-62.3724,1.0772
61.8465,84.1003
64.1714,96.6131
-67.7323,-84.6222
-85.2662,-84.0698
-34.1601,87.9139
77.8921,33.2381
71.6621,-26.4737
62.6234,23.8123
51.6410,-10.3039
-44.8446,-1.5276
10.1608,62.9330
-34.0312,-33.6541
-3.3111,-66.3753
-65.7150,-97.8949
-89.7414,-74.8345
97.8056,-27.4597
90.3466,-45.5335
57.9032,-29.3291
-62.1078,-48.4231
-43.9595,76.0907
38.9676,-47.4161
-36.2959,39.4932
-94.4539,39.8659
36.7956,25.3132
-89.9121,20.9658
73.9127,-26.1957
32.9632,-88.9044
-15.9030,-9.7554
21.4402,-3.8067
38.1744,86.6190
17.2376,-12.6929
17.0535,-39.6328
6.8899,-58.0793
-2.2635,-98.3013
78.5181,-57.3547
-59.9533,-83.4405
-36.7112,-61.0658
10.0588,-77.3211
94.4664,-47.3995
-87.9674,17.9812
39.8666,67.8444
-40.3658,69.7085
-25.9163,-90.5515
-26.1217,-33.2106
65.8443,-17.9722
-9.0797,-9.9646
32.9838,-30.7987
-84.8665,26.7622
78.0014,65.7798
66.8717,8.1483
0.5367,91.4533
-43.5226,94.6834
-23.6833,36.6521
-66.2724,63.6623
-88.2739,-45.1848
-9.6379,17.7733
-60.6421,0.2064
-22.8528,-86.3651
-69.0419,7.4791
25.2396,55.7177
80.2493,31.4518
-48.3356,56.5708
-83.7754,-18.4293
-7.1560,-24.4465
-60.8898,7.6182
-51.1310,41.1047
27.8789,25.4823
98.5271,79.4528
38.4913,44.2035
-5.7761,23.3336
-4.6602,74.4527
-74.6657,55.4745
-25.0989,-97.4086
-19.7611,31.6241
-66.6407,68.5499
80.0246,13.6846
-10.1146,49.1398
68.2110,98.5309
-39.9966,-14.8550
-24.2329,-36.2435
-61.1339,29.0831
82.4163,96.4916
25.0624,29.4534
-19.3743,97.4639
-86.0092,57.7903
62.0380,-12.8949
15.7766,-88.2556
-36.8754,22.9970
-67.4430,65.0372
-35.5814,-17.4398
99.0167,-1.1665
-25.3163,-79.5142
61.2413,67.8608
-79.0499,36.4140
-17.0649,-5.0017
43.2062,-50.9326
-78.2017,71.8960
96.9305,88.4571
-78.1539,-93.0905
-60.5941,32.4945
-56.1337,36.3524
12.3892,66.2873
-31.0460,-17.8745
79.8979,53.3303
20.2696,96.9212
40.6918,-97.5664
8.1912,47.5045
-24.7066,93.3002
-63.1397,-81.1930
90.8966,49.5303
70.5652,-60.5028
77.4204,-33.3109
48.4454,-7.2501
72.0850,33.9789
27.1070,-87.7504
0.6609,-4.2000
51.2828,-42.7114
12.7387,-86.6036
-11.6631,61.9504
-22.4004,21.5767
54.3484,55.6136
-51.6699,92.9849
-82.1645,-77.7452
28.6371,-37.1146
8.4128,40.3944
98.8480,-7.5950
58.0842,-59.8813
-90.7333,8.8082
-85.4746,-27.8148
-18.4366,75.3300
22.0711,56.0670
-37.3839,-70.7513
45.1872,89.8635
87.7475,-40.8184
90.7917,-51.1431
4.4102,-75.6833
87.0122,21.1170
51.6778,21.1137
-34.3423,83.7224
-92.1294,50.4251
99.5248,79.0554
-92.8139,-73.0993
-62.7354,-34.6768
20.4452,-49.6459
49.2187,53.9346
86.0453,-41.5082
11.3676,-13.4133
-71.2147,-81.6896
-43.6059,37.5857
-95.8190,-70.4733
-75.2163,-48.7207
-81.2005,-14.9401
92.0172,14.5986
-4.6478,-71.8300
15.6467,32.6670
70.5760,34.1772
-7.7906,-72.3990
48.3218,-35.7511
-98.1379,32.7328
-59.6602,76.2197
53.4075,-35.1979
-19.2510,56.2301
-82.7941,-99.1833
70.9122,61.5665
-10.9636,9.9230
53.1422,84.8701
74.1565,70.5327
-81.1612,-36.6125
-52.2852,86.7256
-10.2512,-9.5416
-81.4792,69.4334
-44.8769,-16.6922
-39.0090,-91.3489
30.2047,-66.4415
78.2814,-79.1004
31.4703,-44.5567
-4.7880,-73.5306
-38.9549,-57.6596
8.8679,94.5251
-44.8267,-73.8995
23.7588,-24.1433
-68.6132,71.8442
-66.7527,-20.3500
-6.9893,-64.2523
67.5955,51.4308
-57.5025,-53.7120
17.0306,43.5619
-57.4119,-47.5438
81.4374,-47.4370
15.2998,-82.0728
60.3140,30.1537
21.0037,83.0579
-58.4168,-24.6959
68.3304,56.5514
-58.7105,-56.6717
-24.8319,88.9731
-21.7821,84.6345
86.7922,-82.1575
79.1627,-68.5037
-86.4982,-82.6069
38.0040,-40.7573
38.2907,-62.3940
-63.0516,33.5064
-57.9157,-35.6439
-96.1523,43.8006
36.9726,79.6889
-48.4274,58.6009
99.5417,-31.3511
38.5589,60.7398
66.3338,60.4285
-62.4305,-55.1140
-22.1795,-4.1456
51.2041,31.6920
-22.7189,41.9182
-7.3130,47.2875
3.8519,-12.5605
30.6125,19.4722
47.3014,62.1149
65.2634,61.5741
60.1071,-92.6088
-81.2496,-24.3094
-8.1899,-75.6386
20.8309,79.0845
-13.1306,50.9031
-13.1766,-37.7087
13.2824,-92.4778
39.0986,60.4020
-9.5534,-74.2644
13.3695,82.8679
-78.0436,49.9645
-22.4184,93.2499
-66.0651,78.0950
-78.9436,78.5407
-90.5317,-14.4003
-78.5188,-0.9643
-32.4500,42.0847
-23.4080,18.8808
23.6285,70.1518
10.1820,39.2201
61.7380,-34.9746
-81.4647,79.8215
19.3827,-84.7736
-11.8510,13.1106
43.4105,-24.6789
-75.3173,32.3530
-36.7898,42.5479
-45.0742,-9.8166
-2.3078,57.3828
54.8126,-64.1041
-63.3656,50.2452
-25.1850,-18.9975
-20.7938,-88.1459
20.6818,36.1461
1.7214,20.9944
57.6348,60.2017
-8.4079,-15.8963
-85.3405,-48.8374
68.4445,90.0234
-75.9433,28.5228
-28.4163,16.8161
-2.3962,-80.4758
-34.6421,-89.5156
18.9750,53.9178
93.9401,70.8757
82.4674,6.2784
16.2223,-75.0372
10.9800,-5.4047
-52.1367,41.4616
93.5132,54.5237
-92.3371,-85.1942
-84.5130,-98.9078
-31.7105,-37.6000
78.4336,1.4346
-94.7357,8.5866
23.9989,70.3674
-77.0985,79.5424
-77.9230,62.9543
-88.1733,22.8466
-81.5233,15.0261
-45.7901,31.5552
56.8466,-49.2239
19.0852,66.4260
-50.9002,-41.8526
-96.2154,8.1019
94.3546,-42.0605
-72.1483,74.5419
63.7192,57.6423
-22.7460,60.4514
-30.6752,95.7829
-95.7639,-57.6927
-98.3942,79.9559
-20.5115,-48.6215
78.8187,41.7847
-29.1883,-56.3832
34.3448,42.5431
-36.2355,-33.0068
79.3799,30.8672
86.5724,-91.7434
-88.3432,-15.8509
-27.3929,44.9892
27.8662,40.1896
34.7519,55.2492
38.1561,79.5132
-19.7639,-64.8434
70.4902,-49.2175
20.0124,-49.8160
81.8688,44.6973
-45.3676,81.1983
-33.4493,17.9937
-95.5899,-22.9668
-67.1718,-50.7346
12.2557,92.1727
58.8139,-88.3860
-15.5141,77.2285
-95.9594,-61.9816
-93.4900,-58.7321
12.0616,60.1544
-73.7552,-15.1534
-38.3950,28.9442
-85.8364,73.6947
45.4971,-72.3687
-56.5229,70.0534
39.3772,-66.0216
29.7316,88.8831
97.2055,1.6090
99.1204,21.6415
54.9691,54.4850
36.8014,-29.9360
-58.7250,63.8672
33.8138,2.9219
77.2402,-70.0658
-4.2383,-95.1572
-10.5239,14.4150
38.0707,79.9569
-0.4758,65.3876
-19.3922,-79.2719
75.6469,17.7125
-44.6973,-35.4115
-54.5146,56.5818
-27.6721,-90.1748
70.8456,25.7770
-85.8367,61.5585
78.7064,98.5324
-53.7330,77.6700
-46.6573,98.4029
9.0197,81.4493
-97.1179,1.8197
-77.1971,66.4530
-81.1756,22.0731
5.9457,0.0977
-38.0621,-36.8696
31.9627,-62.7960
-97.5797,14.6995
68.4400,61.6561
-49.7685,-61.7244
-2.1374,24.4369
81.3499,-52.7572
-4.3523,-9.6730
-5.3233,-16.7088
62.2706,53.3747
-43.8967,-92.7448
7.4002,63.8102
-15.5998,33.5970
-82.3864,23.6033
80.9452,-16.1929
-27.3233,-22.5160
5.8483,-41.5434
-9.9527,-33.3631
-43.7600,-48.0979
-34.3058,-76.3444
62.9728,8.9661
14.8262,-17.1089
47.0180,-94.5424
38.0112,67.8350
-65.5223,13.0379
-26.1076,69.2239
-59.7458,-47.9541
-46.7897,-9.0651
-57.6899,-98.3747
-73.6372,75.2361
63.3312,-49.5045
-21.1967,55.9078
67.8855,-18.8375
-65.7860,-8.3018
-40.8390,3.8056
13.3702,-16.1106
-76.5224,0.6892
60.9000,-74.8483
-80.5295,6.5360
80.7055,-26.6516
-30.2953,-82.3216
63.5060,45.0400
-27.4609,-50.5785
-43.4718,94.8080
-24.3132,-0.1307
-76.0340,-22.8464
-49.8095,-8.0357
-38.1390,83.2143
2.7107,2.0644
12.1319,-12.7617
32.4432,-59.7568
33.7494,77.4219
-18.1551,45.0179
62.6953,-13.7716
-39.6402,-36.7569
-47.7715,4.5802
-16.9366,-55.3897
38.0149,-66.3528
-89.0507,-95.3618
-5.5414,7.0491
69.2971,-0.6489
-85.8478,-43.2969
82.5284,58.5387
11.5992,23.6016
93.9208,-32.2750
1.5260,-85.2560
-9.4154,-85.7158
-39.9328,47.9347
51.3444,-16.7783
84.2708,-18.6608
-4.7281,-46.9795
78.0886,82.7655
60.8527,-98.4478
-89.5498,-26.7630
-50.0356,-82.6496
-43.3668,26.2747
-54.2022,-37.9436
30.2806,-16.7106
-94.7981,-76.5916
-91.9628,99.9300
-86.9723,63.8114
69.2878,-26.8652
84.2457,14.2362
-15.5986,97.5582
-82.3343,49.1366
-73.6672,-2.3489
62.0435,85.6665
55.0619,-23.1813
51.4204,53.5322
-3.5505,-69.0784
-97.0926,77.2289
-14.8610,-35.1063
33.7579,-48.4812
-25.9826,80.4970
26.5747,-31.2882
36.0410,-48.1538
-28.3386,-85.6448
88.8406,31.3208
57.4664,-24.9748
87.6850,71.0330
53.0993,27.1659
-60.0583,-71.7891
-6.0039,22.6302
21.7220,-51.8589
-34.7087,-20.1138
-43.7110,91.2543
83.4728,-78.0249
-4.0133,30.4918
10.8781,18.3061
-60.2964,-0.9538
54.2389,-11.5150
63.8352,42.0077
36.1656,46.8828
-17.8190,-66.4334
75.4189,-25.3166
-64.8418,-32.3539
-1.2199,-52.4413
-54.5096,10.3604
0.4107,83.1695
-93.4231,-15.5004
-81.0526,39.1007
-67.5075,-97.5074
-45.2787,-53.7077
-56.2150,37.0721
98.9684,30.5664
47.7318,36.7764
-5.4275,-71.5556
27.6308,71.0027
46.6922,91.2941
93.6584,37.1922
-95.2582,8.2372
-67.1630,66.5700
-45.8809,-93.5324
11.9836,5.6612
27.7694,-56.9992
-14.7088,91.7977
-61.2738,-45.2309
46.1000,-94.5108
82.2163,66.4474
2.0418,89.2897
-65.3432,41.9748
11.6421,42.2199
-19.0928,-86.1863
14.1690,-23.5126
66.3685,3.7500
-9.0064,39.9577
40.4574,-58.6584
45.4747,-93.6011
35.6386,-1.5670
-87.7717,34.2667
-64.0836,-90.6737
13.4402,-1.8113
32.9194,5.5936
36.9109,83.1081
-77.3937,28.8565
-13.0387,85.3525
-23.8897,-5.6253
-75.1682,-61.4599
-68.3162,-0.5303
21.1812,-80.9696
-86.4244,81.8465
-61.2571,-79.4926
16.3537,-4.0217
-79.4943,-50.5346
36.5559,-64.4163
6.0357,-97.5019
-40.1169,-92.3806
-43.7704,-25.5426
6.7440,-12.9295
23.7431,-15.8040
75.8830,80.1948
19.4099,-71.1482
21.6948,-86.5884
89.1056,93.5996
94.9755,-82.3208
-81.9813,-96.7685
-52.5511,88.4929
59.5750,-80.5463
38.2718,1.9866
69.1499,-41.5585
-58.2944,90.8886
-47.3352,-22.9584
24.6780,-63.4304
-58.3845,-93.0876
-92.6079,-87.8262
-3.3477,56.5321
90.8005,-65.5052
-72.6388,-94.2707
-8.7234,99.6096
-45.2528,83.9648
-72.0620,69.3897
-4.5567,5.1371
-19.9466,-34.4362
-37.2722,19.4257
-19.6456,-0.4199
-8.6921,42.1899
-81.9111,-48.7478
16.7570,-29.8138
39.7085,-12.1184
5.3983,-52.0215
92.3853,-32.8603
-38.2680,93.8531
6.7606,92.9807
-12.2526,85.6986
-38.9416,-99.8232
7.8743,-74.1007
56.1616,79.6975
-94.1616,-58.3959
-58.4634,16.9352
25.6700,-64.7885
-94.6886,75.7891
10.6261,-49.7424
56.7809,89.4016
17.7479,-11.3550
-29.4853,60.0431
-35.5768,30.3907
-68.1139,72.8445
64.8400,52.4070
-89.6969,-8.3398
-75.8677,-3.5436
10.9320,-68.8146
-45.3120,-9.7616
-45.2963,51.9430
73.1877,76.0945
88.1135,66.2120
21.1868,89.8721
-33.0490,58.9366
57.9631,-48.7097
-5.1639,80.8105
-18.8025,23.4830
87.2281,0.1063
-37.9641,91.0513
-58.6887,-42.9350
76.1626,33.0637
-79.1116,-60.7190
-22.6679,4.0085
-14.0452,5.0377
96.5068,97.0061
-99.8928,-52.4433
-27.9586,-41.1651
-20.7533,-72.3825
73.6868,66.0043
-92.2608,-12.5413
7.6742,31.3338
60.2968,80.8301
-42.0549,45.9275
-52.5987,-88.7591
-7.1722,-29.9180
-30.5946,23.8167
8.1703,-32.4561
-91.4088,15.1154
-75.9692,81.5138
4.6419,-66.9011
19.6131,-14.9922
-5.6064,46.9916
-78.0267,-67.8348
-84.6975,-1.4755
-51.9969,86.7785
-41.4829,84.2361
-5.8837,65.0503
-20.1555,-28.2610
-89.4101,-97.8906
77.3207,34.2416
30.3043,42.5665
-66.4019,-83.3549
-25.7928,-16.3044
-36.7131,10.2502
-33.1383,-51.5105
65.2211,-51.9505
-86.3900,-85.5245
-26.1682,41.5925
-2.9433,-75.7007
31.4655,67.7918
77.5348,11.3154
-96.8020,91.4551
-71.2302,-23.7855
-64.0447,-54.7881
84.4859,-45.2370
-43.6215,-58.4899
-54.9829,70.3613
13.3988,77.0345
-30.4428,-53.9247
26.4241,-99.9849
94.6570,-24.9100
95.8210,-31.7480
99.6570,14.7679
-74.0723,-63.6615
-20.4076,80.1866
91.9430,-55.1985
81.1737,-18.2315
-80.9884,22.0225
25.4622,97.4241
38.3592,23.8978
-95.2259,-62.8718
30.5541,-94.9555
-78.3229,88.7543
-49.7448,87.6483
-71.8414,26.1560
-90.1676,52.4575
63.0337,-93.2631
46.8919,22.2193
-55.3497,2.8199
-50.3089,82.1477
58.1636,-8.8073
-94.6624,29.7066
-79.2279,87.9474
-92.8549,-15.0748
-77.0483,-36.2586
-37.1942,73.7487
-22.3277,40.6555
22.5739,55.6485
84.9321,-40.2073
-76.4521,8.1300
-5.7081,-40.1741
0.5746,-88.4719
15.5223,65.7026
38.4450,80.4720
-58.6843,-98.7093
3.1340,-81.0308
-19.4628,-26.9071
-83.9988,15.0005
87.5360,36.1257
76.6871,-33.0212
-85.4057,-18.1473
17.7257,36.3184
69.4744,74.5880
21.5112,33.6058
3.8504,59.5724
-91.4176,-6.3062
-42.1982,-43.6628
-99.4787,93.1638
84.0255,-77.3864
-91.2035,34.8728
-28.7806,-54.6426
76.0099,-69.5510
51.4005,-14.2427
63.9334,-76.0327
66.1595,-76.4192
-10.6402,-85.6074
44.5462,92.2999
-87.5371,99.2505
-8.5240,21.9736
-64.7505,-88.1658
65.0308,47.7875
-53.7036,50.8869
-21.6203,91.9180
12.6792,-63.8213
-20.9319,89.2816
-0.9852,7.3654
-73.3471,72.0744
-84.6710,-4.5110
-7.7379,15.8479
10.7235,-57.6127
-47.7343,-54.2300
50.6235,-76.6929
59.1521,5.5934
-35.1786,38.4961
-28.3784,-62.7649
-21.6625,12.4136
6.0058,1.6475
22.9669,-65.5766
-88.1564,-89.3510
84.6682,93.4297
-47.2406,-8.3990
-10.4487,71.8089
-4.3593,50.2881
75.1165,-89.6959
87.3064,71.5936
-62.4704,-91.3427
38.9057,25.1557
-31.0977,-61.2377
51.4892,40.3145
98.1848,49.4633
-4.2174,-51.8598
71.7527,-46.8127
-72.8545,-77.6545
63.7195,82.7846
-46.1392,-69.6273
9.6597,-0.1195
-88.1297,31.5287
64.2136,-45.9515
-28.9985,88.4072
26.7428,51.6566
-51.6483,-66.1807
32.9404,-9.6372
81.8156,36.0024
-68.1140,4.7840
77.4199,32.0918
86.8135,25.9871
-99.2203,50.8579
13.2971,65.7126
61.3129,94.9320
-0.1038,75.0405
47.6711,-45.4139
76.0651,8.7628
-10.1813,27.9994
80.1288,-64.3632
-81.7886,-87.6637
51.1115,-19.0512
53.9728,-62.1872
63.0426,79.1505
-72.4053,-75.4000
-72.6577,-77.3384
-86.6516,38.5380
-98.9026,-97.7691
-68.4158,53.5278
86.1011,-6.6917
69.8452,88.9163
96.6833,34.2067
-0.4889,14.6293
96.4379,53.6707
2.2203,28.1736
-84.8060,47.7546
-70.5433,5.5069
26.7704,-52.2447
-83.1601,39.9768
9.8516,-83.7484
50.9130,38.9920
-48.6036,-71.1399
-22.9405,-34.8932
92.1173,-4.6256
60.4023,-96.6440
-15.2802,-71.8426
-32.2608,99.7579
26.9909,-84.4811
-5.4888,-36.1018
-48.5733,92.0726
-75.2139,-25.3932
-28.7480,33.2842
-0.1512,-73.1789
-77.5259,-27.2826
-54.6423,-40.2466
-87.7261,-61.5902
7.2346,93.0249
-41.9221,91.3072
38.9568,-7.7352
34.1735,21.4234
42.5871,-67.3278
-61.7331,54.7190
-64.5733,-47.2484
-11.4246,99.7134
-88.2879,8.4680
60.5308,-49.2471
41.8290,-51.6634
-18.0477,49.6477
87.7934,49.8925
43.0739,-50.9883
44.1133,75.2772
-82.3313,72.6010
-43.7453,91.2151
61.2393,34.4716
-54.5137,21.2120
-3.9760,-58.0498
-74.8321,-50.9356
-73.4756,-98.9336
-18.6616,-81.9102
-52.1303,0.8184
-85.9367,82.6998
61.3408,-32.6777
-41.1202,90.4769
-88.7790,58.0357
-60.4620,-53.9760
-94.1679,42.2474
-70.0905,56.1780
-3.5469,74.1713
-64.0243,48.6080
73.0664,-91.0066
82.3566,99.8211
-77.7931,29.2322
-51.9315,23.2363
-15.7773,9.2892
13.9440,92.6829
-37.6999,87.6868
-76.5485,-54.1663
14.3942,-84.6109
-10.4147,55.9042
-78.2562,-7.5750
-48.3456,-14.3794
-59.0032,-6.2780
-31.2293,-55.3774
45.0426,-12.1225
71.3686,-87.0136
58.4332,43.6751
-6.1906,90.3631
-18.6401,-7.0432
-55.7825,-22.9997
59.8281,-73.5168
-35.7128,7.3523
38.8918,-88.6660
-84.6487,-62.6737
2.8805,-75.3791
-66.2396,1.3216
0.3568,-99.3000
13.3650,-67.6690
6.5482,17.5020
62.0067,-50.6448
-63.6370,64.6501
22.3954,-76.3155
-55.6440,-79.8697
55.7665,43.7210
-20.5709,-59.4056
-1.0693,-39.7216
-75.3916,25.0228
54.4549,-8.6266
56.1402,32.3239
-19.8283,-80.6586
2.4180,-33.1043
19.7899,84.7688
-72.4127,69.7276
32.3292,-13.4046
-12.2300,12.0703
57.0032,-21.9187
-44.4816,63.3531
12.1238,-5.9184
28.9374,46.1527
0.6531,-5.7420
81.8415,77.8024
70.4944,63.6770
25.1409,5.4519
62.7489,-44.2448
38.3933,-61.5169
74.9580,-66.9456
-52.2879,5.0271
18.9610,-77.8578
66.7185,-48.6502
-74.4543,79.8825
41.8642,26.8187
16.6004,-18.4551
-59.3114,-70.5791
-91.8327,43.0882
10.9664,-66.1502
-22.5887,67.1271
0.6840,43.6650
-23.1942,-54.7268
72.5121,-89.6626
-81.0147,-83.4245
-50.3417,92.3591
28.9997,-97.0345
49.3387,-91.0625
31.5185,-74.0141
28.7261,41.4046
6.0935,37.6902
-16.6119,-86.7505
20.7770,53.1639
-12.4878,-35.1144
14.1285,5.9929
-60.2628,29.1055
-92.8636,-16.7861
-43.9574,-7.4182
99.8536,82.8094
-23.0164,-53.3389
-72.1608,66.5506
63.2797,1.1042
-88.5918,15.3415
-78.3365,72.5123
-28.3952,-76.4744
-52.2539,-63.7867
-48.0808,-95.4695
-5.2509,50.5587
22.3459,78.1306
29.5144,-67.6813
71.6253,-39.7365
61.4713,-44.2624
-21.5265,5.6615
87.0227,97.2418
63.1867,-8.0800
-30.2080,-8.5119
-5.5035,-70.1460
68.0677,10.0852
1.5447,-88.8220
-68.5202,-66.2027
-41.8203,54.4944
54.9075,-62.1784
-8.7767,50.6832
-8.1879,71.1540
-68.1740,-20.5718
34.1848,-5.1263
47.0068,-11.4148
19.8159,-50.8567
62.7893,29.1804
12.6380,20.6413
-19.3465,-87.5521
-22.9493,93.4046
-7.3144,25.2992
40.6890,-48.8110
23.2360,38.9008
-93.3946,-32.8939
73.1034,49.3458
87.2751,-5.5372
-79.6931,79.1039
-53.1187,24.5728
-31.0829,3.6737
-51.8883,85.9655
43.3339,-53.0525
-65.1028,-9.3036
-30.6671,-5.7710
29.2255,-62.0175
33.2768,95.3959
75.3369,79.5782
47.8917,-88.7392
60.7448,33.7935
-32.0194,90.2378
-56.0153,51.4365
68.5581,83.3247
-95.1450,88.0307
89.3833,-66.2362
77.5494,40.5263
-53.2416,1.6399
14.2370,-25.5455
79.6317,34.9980
84.3479,-62.6720
54.4309,89.9607
75.1940,40.0933
15.3219,30.8426
71.7362,80.8119
-7.8972,-78.3325
20.5085,20.9440
-70.5656,6.1312
-59.3008,46.5138
-56.8645,24.4495
-12.0951,78.8062
-25.5241,-49.9936
-48.7775,52.5635
75.5914,-28.2062
82.2193,4.0961
8.8317,67.0651
53.4817,30.7409
-51.1370,-56.5615
92.2602,60.3428
22.7903,-9.2865
83.5005,-49.8371
-70.5609,-49.9800
48.1511,49.9699
28.6402,53.3947
64.0843,79.7967
-91.3319,-55.5683
12.1551,62.9460
-86.6707,11.1897
73.9761,50.3672
-72.9694,16.4926
-95.5957,91.2861
47.9849,-12.5736
97.9710,-1.1664
-19.1343,-39.9199
87.7559,-0.2528
-30.7299,33.7397
-31.0505,-70.9617
-43.7809,26.0039
-60.5241,-67.8410
-67.3513,54.1519
2.8089,42.9720
25.6726,12.5737
41.9551,31.8536
-90.0626,7.3589
-9.1052,55.0130
62.5284,96.7780
93.6243,23.0810
79.4774,76.3925
19.3676,36.5100
-4.6733,10.7040
-10.9278,-79.5287
-25.9749,-21.4279
27.2269,30.1706
79.7150,-97.2555
25.4547,-11.2861
-14.4222,74.1416
82.5738,-60.5023
18.9314,42.7948
99.4187,-38.6382
73.3815,-53.7909
-66.5495,6.5455
-35.0177,81.1055
-10.1348,-19.9949
43.9072,84.9939
81.9438,-54.7438
35.4306,70.6982
65.1074,6.7082
45.9446,37.7201
29.0390,8.6250
-86.8927,81.5443
3.1129,23.7597
-45.6802,-37.8039
-57.2856,40.0196
-93.9008,92.8772
83.2993,-73.9425
-79.4445,60.1331
90.4420,-5.7281
83.8907,-40.9642
-53.0184,-56.0785
-16.6004,-72.4782
-89.5393,46.9139
94.9567,20.2147
-55.1318,-95.6153
-43.6624,-55.6509
21.6111,-7.9012
72.0451,29.4363
-57.9576,-4.9692
-4.4680,55.1895
-24.9686,-56.3668
61.6407,81.1320
25.8580,-71.7363
53.3769,0.5166
65.3015,-90.2817
-62.6940,-69.9801
75.9646,-37.7678
-8.8933,-6.7493
-13.0696,61.6944
-45.4432,16.2478
41.3362,37.4911
-44.1400,48.6186
-21.1652,18.1667
29.0545,33.7580
91.3458,79.3325
31.4604,-58.9604
-90.2148,-83.1969
67.1614,23.7547
34.6897,-23.7746
-46.6131,4.6379
-58.1410,-16.4395
76.2398,-60.3855
-26.5644,2.6004
-65.2280,75.9250
66.2109,62.2569
-42.2167,7.4714
-97.1648,1.1265
35.8120,-61.5976
-56.7972,2.8060
48.8790,-74.5638
-60.0081,62.7165
48.6348,-73.6399
86.0192,66.3781
89.9194,3.3307
8.8447,3.3948
-4.9626,-97.8569
-82.3993,83.8396
-8.2086,-92.7742
15.6474,4.1673
26.9274,-92.6870
18.8330,-72.8952
32.9353,65.3850
-42.0910,-61.9906
-46.3753,58.2409
-35.3399,82.3755
45.5448,-81.7385
-63.2882,-13.4220
-98.8730,-69.5757
10.7426,-6.8474
59.4490,56.5479
21.9698,24.6560
-0.6452,55.5891
79.0532,28.6756
71.0488,56.4484
18.5030,52.6082
37.3419,28.8398
39.2220,-81.9261
55.5845,32.3201
-17.7820,-83.4149
18.9400,-94.2269
-15.4457,56.7971
50.9002,21.5939
35.0262,-73.0859
-69.7339,63.6228
-16.1599,72.5474
-16.9900,45.4884
59.8901,-32.1044
97.3570,86.1182
-2.7901,-30.2257
55.5197,78.9083
-77.0795,7.6982
77.6821,-43.7670
35.2576,-98.6553
25.4465,36.2419
-76.2735,-31.6038
87.6912,-95.0867
5.6545,-5.1866
-74.6345,35.0328
12.0410,30.8151
1.3415,-80.7421
57.9742,-18.0695
-59.3429,-39.9489
-29.4506,92.3644
87.0976,38.3196
22.3831,-45.7045
86.4773,-63.3249
54.7214,-85.4163
-51.2751,-60.1368
-51.1920,16.5890
-89.6208,-38.3717
-42.2336,73.0328
40.4028,-55.2088
-87.3162,23.7352
70.2603,-9.3834
-88.0154,18.1809
58.8905,62.0560
22.9142,71.7000
99.6506,56.7776
2.9435,96.3949
87.8697,-36.6198
94.0932,68.2149
-13.9976,-80.1325
-73.6397,66.0754
-36.8535,-5.6470
29.5980,-51.4921
99.6497,-95.3570
-2.6895,-60.5957
-35.3650,-88.6245
-47.1946,4.7044
83.5894,89.4997
99.9891,-14.2846
29.8005,90.8438
67.9255,14.6024
11.9497,3.4957
-54.4203,56.9253
-35.9500,-8.7055
97.8876,79.6782
97.2797,-81.9537
84.9844,15.0879
-86.4911,-54.8563
20.3209,14.3471
-3.1685,-11.9034
-3.9169,68.1066
-64.9078,44.6595
50.1026,-51.0214
-60.1576,53.0493
-31.8037,-58.9901
-77.0377,28.8014
52.1384,-73.8520
-78.2986,18.8384
-10.4841,-78.2908
-45.9337,22.9322
60.0006,-18.6442
-83.8856,50.1239
17.7565,-57.8516
58.1871,30.6415
94.3714,-72.4965
-57.9695,-44.9248
-65.1436,95.9418
-55.0731,-14.5262
-15.2660,89.3926
-54.3820,-96.9022
0.8127,18.0106
97.3663,35.0010
-38.9270,30.0048
-9.2065,64.3868
-27.0007,-97.2637
-79.8774,72.2369
42.2850,56.0080
52.5153,-68.9616
71.5287,-87.9011
52.5674,-83.6397
13.4734,-75.6094
-95.4481,-63.4334
42.2000,-74.7537
16.8184,65.8812
-19.6007,-45.0141
71.3956,38.2359
49.2863,-83.8363
42.2421,-0.4421
-65.7130,46.0173
-59.0788,-8.3430
97.7249,-15.8870
74.8951,75.6713
-39.3667,35.6383
-59.8418,32.2403
98.3471,-5.7886
60.8606,24.5674
-87.0127,18.5514
97.9195,90.8372
-50.4489,26.6970
0.4321,-44.4581
-55.0413,20.7598
-12.3182,25.0926
91.7613,25.7095
-34.2895,45.8525
-13.9444,-29.8276
67.9062,25.5390
-68.2527,-54.5519
76.9429,10.9584
71.5931,6.4616
17.1495,80.8282
-63.0536,46.8151
-54.6000,-79.2630
-24.9235,-79.2295
-41.2084,28.7964
-20.6608,55.4058
16.1928,32.2752
95.9786,21.2563
6.5477,49.0730
-72.3780,-82.0998
-87.9561,88.8493
-5.0011,57.6527
77.1772,43.6969
-12.0038,59.4194
39.6547,-3.4187
-73.6047,20.1385
-29.1827,-32.7827
80.7511,33.7739
-93.0583,-31.3121
43.9047,29.8222
32.6422,35.8530
-29.7928,-47.0982
19.5161,33.1531
47.1250,-22.1124
61.5079,46.7371
-97.5411,-25.7233
7.0249,-37.8841
39.5168,-50.0911
79.5079,-25.3441
-88.1017,8.6571
-9.7530,68.7099
-85.2269,83.4494
-77.4900,-88.3159
-9.9524,-51.1172
-64.2602,-10.2292
-58.7995,-7.8269
-49.5615,88.4027
-18.0622,81.9035
15.2394,87.3729
-35.9255,19.0285
-50.8438,-16.1733
-32.3742,20.9113
-43.3130,-53.0217
-33.6066,-52.4673
-68.3361,69.1311
44.8962,39.1306
-64.5959,-77.7619
44.0890,25.8197
-27.3305,-42.3731
78.3160,69.2079
-13.4462,37.5365
-66.9437,19.1834
72.0198,29.2050
-96.4638,59.2632
18.9080,28.6207
96.8673,27.1601
-92.7277,-32.7154
71.4802,-79.5677
-20.9802,11.1194
88.3175,-37.1862
75.9075,-72.0582
78.3061,-54.8618
-14.5491,-60.3467
-23.9449,-35.8914
95.2851,-57.3742
-90.5414,-25.3487
-34.8597,78.2223
-62.2679,-65.5395
99.7577,-83.0311
57.1722,-6.0916
28.1742,7.7095
55.7546,40.7542
-40.1198,54.1047
43.4266,8.9662
14.3900,-33.1202
32.0794,72.2170
91.8927,6.8030
-89.7129,-38.2562
-88.7227,36.4007
-30.7570,96.8202
78.6770,-74.6624
-22.1287,-4.3347
7.9544,-29.4877
-29.5751,-97.4869
-88.1548,-71.9492
-64.5424,38.8312
-44.7703,21.7844
-2.5219,-31.0624
-51.3930,69.8481
89.5856,-58.4813
-78.6617,52.4587
15.2507,82.6099
-76.7116,-27.8688
-60.4818,3.5158
19.0968,84.8128
87.7009,-90.6008
-7.8488,62.5723
-95.5432,-17.2833
13.3737,56.1802
-65.4159,20.3304
-87.1193,-51.7773
55.3275,-16.2258
-91.9576,66.8961
52.0569,-21.1436
-65.6606,78.5550
-16.8665,-77.5577
-10.5255,6.4096
-79.7694,55.6878
-33.6774,31.6501
-13.1337,-59.6067
80.0847,18.0164
46.7037,20.0364
-51.4055,-10.3609
-56.5863,83.2035
8.8870,40.3757
24.5668,-79.7293
71.2864,57.6899
-79.0592,23.2844
90.6784,85.8751
-48.9589,-22.5496
10.7515,-45.2603
-13.5554,-95.7729
94.6507,45.0393
-7.7427,64.6695
62.9516,-46.3306
-0.1755,-70.5929
62.6864,85.2466
68.9276,29.9169
19.6771,27.0272
10.8295,-59.2306
37.4739,-27.0952
96.2110,29.8531
20.2493,-59.8882
-18.5111,-91.0035
-0.1566,-59.4442
25.9528,74.9353
50.3057,-80.0587
50.1573,72.9656
74.7226,36.0582
-74.7010,-32.4767
93.9585,-43.4947
-63.0349,61.2958
-54.1167,-86.8507
60.5115,84.7121
73.7858,68.9488
28.6691,-44.7642
88.3657,46.4491
-97.8485,22.3329
-94.4971,-13.4083
-89.4822,-72.8238
8.6669,79.4238
27.5059,-64.1425
-5.2268,-52.3636
-72.7459,-82.2262
31.3038,40.1639
-21.2177,-87.7672
-22.3110,-43.5079
-70.2735,-96.2862
41.5919,-77.4984
-69.7711,99.9084
-5.8407,-39.4714
45.9868,82.8678
-22.4371,-51.8803
-6.3423,49.8555
73.1198,-18.1618
89.0201,42.1137
98.6304,-62.7010
17.5709,-43.8762
65.7670,-75.8086
-95.1713,57.2980
16.5733,-83.8752
-89.2813,93.9700
51.8771,-6.9233
-58.6345,54.6355
68.4038,1.9238
87.0663,75.0213
66.1454,-15.8676
-39.4320,-8.7602
-10.9670,10.2295
98.7197,-80.4971
-92.2485,68.2066
-23.6004,-70.4504
43.8954,-69.6859
87.5612,74.0426
95.9609,34.1308
-71.1769,30.9577
-78.1770,30.5866
-71.5752,18.7008
42.9874,-11.7829
-88.6220,29.5553
38.6767,80.1857
-94.3469,75.5488
-75.1989,93.1127
-57.2803,84.4271
51.9604,58.6979
14.1668,46.9510
-85.7322,-27.2128
-66.2080,-69.3251
82.5250,75.3393
-38.4301,85.7635
-75.5018,-66.1815
22.3560,-43.5168
-67.8310,-12.8781
77.4728,-33.8202
-72.6808,35.0135
78.8445,30.5936
-61.7086,60.6707
-9.2195,-58.1217
-27.3714,-12.7026
77.7660,3.0054
-20.4206,55.9341
11.8921,52.0894
26.1186,44.2493
75.4911,-17.6166
10.1040,65.8992
-83.6543,-0.0115
-84.2114,-54.1212
-19.5081,74.4542
26.4272,-1.4651
7.5887,-83.6575
-93.3046,-28.4672
-56.6194,83.2486
-88.9911,81.5022
-91.6904,19.6071
-41.5819,61.6365
-65.4958,-88.8071
-93.9558,-28.9612
50.9547,20.3915
-51.7995,-30.0964
81.2923,64.7952
20.1969,-74.9818
67.3454,-65.2752
38.7432,95.2924
-14.4554,-27.8241
25.6920,-4.2272
64.9056,8.8729
-38.5297,-18.3829
33.0488,-95.7459
16.3891,24.9489
-88.3139,76.0214
70.9345,-58.4388
63.6634,48.1982
54.2038,79.0366
-5.8773,88.4098
-33.6833,95.6926
-67.9362,-47.3067
-94.9048,-20.3691
77.7396,87.4608
88.1347,-47.3215
69.2603,81.0015
-43.8991,-92.6313
-76.8123,-45.8816
-15.8306,-3.8883
67.0973,28.3556
80.4302,-94.1344
-30.9453,93.8914
-62.3171,-31.1786
-64.1942,40.4526
-45.9917,-49.0361
-10.9925,11.3746
-20.6752,-99.9195
73.2342,-15.8440
-74.2766,54.4409
11.1689,-28.5367
4.7073,33.5365
-70.5869,-29.0683
19.2709,-84.8836
-11.2692,-10.9568
56.7032,-21.4449
30.0050,4.3368
-24.4764,53.6777
-53.0056,-13.1870
-86.4647,40.6955
25.7747,-61.0135
4.3556,-72.2572
-8.7124,3.7831
14.3826,27.3589
-22.5101,-76.1942
-35.2896,59.0817
82.8796,9.9210
23.4511,23.0768
-93.2148,-37.7017
-67.8109,-55.9924
-41.8151,-49.2485
34.5876,71.6244
-71.3681,97.2269
35.6269,59.9430
-57.7708,-35.7169
61.7896,10.2614
20.0112,-32.5644
18.6324,-46.9303
-12.2168,-57.6986
-91.7848,-97.8900
-73.5546,-4.1526
-13.3754,72.9009
19.8030,34.7401
-60.1682,-32.8044
-25.8233,-76.6763
22.9748,95.2669
-55.1021,82.6807
26.0345,-31.7489
-41.3990,-84.1700
-85.8259,-10.7474
64.7165,-6.1118
-49.4401,63.5042
9.2393,29.2129
58.9944,3.8871
85.3503,-30.5893
42.3327,48.5407
48.8518,21.3030
-60.6649,-94.9383
38.1956,59.3160
-87.9679,-64.1766
63.7853,-32.7227
42.1710,-25.9298
-29.5589,21.0248
-88.7711,8.1252
3.0814,62.3416
87.4078,-12.3398
19.9758,-82.7745
-97.4466,-12.2698
-83.3038,95.1995
8.4202,-57.9139
-36.8397,8.0878
-13.7099,6.2909
-75.0338,71.1047
-44.8768,52.4993
8.7866,-1.1551
18.7810,75.3605
-2.8163,23.6422
5.9030,-5.8556
-73.6098,-66.3459
-88.0822,54.7320
17.5783,-18.4624
-45.1768,-85.1019
67.8167,35.3147
57.9410,-28.3032
27.6493,43.3174
-58.5167,55.0065
-49.9339,0.5280
-64.1138,85.9494
18.9318,10.7580
31.5378,45.8204
27.7372,-1.4063
18.3753,19.7047
-68.8532,43.2666
-67.7429,77.3014
36.7758,74.7833
-81.2358,-87.5301
84.0301,-56.1502
43.7025,-0.8598
-23.1889,-72.7464
30.8618,-7.4047
-20.4922,-36.9442
41.6458,-66.4566
92.3475,-12.0507
-99.7882,-72.6767
99.0475,82.0368
-80.6828,84.2317
51.7953,2.2901
95.7919,90.2178
12.1757,-85.6906
-43.8633,-67.7989
0.5113,68.3717
29.8854,-44.7484
2.1809,-33.3813
79.8829,-76.1304
-77.2305,-74.2446
68.3701,81.5461
88.4630,-63.7835
75.2189,-3.6721
83.1577,25.8662
51.1875,-20.7268
-48.1967,-40.0100
-20.8507,26.7481
63.2179,-68.7344
-90.7122,0.6412
45.7904,-71.1806
97.2294,59.2209
-29.3949,-88.2296
-25.4456,49.0241
17.7838,-8.0236
-19.2219,-12.4778
-14.6433,-63.8833
22.2111,-33.5589
-3.2503,40.5845
29.9379,54.5003
22.8117,-42.3911
-38.9134,91.5940
-34.8045,-11.6209
-2.5118,-30.0841
-77.2373,7.6128
6.4812,-74.6334
-44.4414,35.3594
50.1871,89.6394
0.1071,-21.8727
6.8382,-92.5432
69.0279,70.0220
18.7047,-67.1800
-2.7369,44.9402
-70.5748,-9.4990
25.0597,6.8183
-42.3641,-4.8862
71.1864,65.3105
-34.5283,-33.6784
75.2331,70.0605
83.0875,-96.0844
-95.3165,30.9952
-62.9116,-36.9905
83.6970,-1.5173
-96.4695,61.1692
59.8204,7.0446
69.8452,-80.9830
-54.8420,25.3697
67.2502,8.9313
88.8672,50.1639
-30.7069,-12.4971
-52.1999,-71.1833
61.6107,-87.4515
4.8829,18.8963
-6.0798,44.0905
-60.7476,-23.7512
-11.0679,79.3009
28.3697,-58.1909
-34.2555,-27.5117
0.8216,-85.8874
13.6579,94.1229
5.7504,-98.5558
74.1296,-75.6507
-68.6174,21.3070
23.4879,46.4100
48.5325,-12.3302
17.2611,-45.3445
-86.3862,59.0121
-86.9456,-63.3936
-84.9328,39.8966
-92.6421,38.5908
29.4797,47.0524
-56.3264,36.3903
99.2107,-70.9794
6.7159,43.6960
-47.2255,-89.7474
-77.9896,-55.6139
67.5188,-13.9702
-19.6280,-99.3369
80.9076,-80.1833
-85.7836,-4.7685
73.7265,-47.8096
-93.8536,99.2686
8.7440,-9.2957
85.0518,7.1597
-95.2551,-51.8953
21.1736,19.0245
10.8382,-19.6109
72.7779,-9.0488
83.5606,68.5005
36.7489,56.7465
25.6125,77.0304
82.2681,-13.4696
-98.0088,80.8150
93.1016,29.3262
-51.2441,-10.0662
5.0353,84.8424
72.2640,-50.4239
-42.4859,-72.0632
96.4824,-53.9633
15.0159,-54.4586
-48.7382,43.0222
63.0693,-37.7374
44.2671,69.8280
-18.5393,-33.8671
-39.1926,50.1743
30.0881,38.2720
36.5636,-55.7615
-11.0030,77.0303
33.9819,-91.4597
-30.8590,-47.8602
34.2877,56.3586
77.9356,-7.2915
16.5072,-30.2825
-0.3453,-25.0845
-56.3795,-41.0451
29.7468,-26.0499
-83.7023,45.5824
61.5999,35.7555
-34.9798,-35.3164
-33.2193,-5.8186
42.1894,-46.1705
-28.7413,66.5243
79.4286,-26.6794
2.7016,83.6930
62.7007,-77.9493
44.9672,50.5384
13.4716,-4.0047
-87.0108,31.6670
68.9786,-59.7054
-15.7763,9.4586
17.5493,12.8455
89.8405,3.1855
-78.9844,14.0842
-70.2548,57.6171
25.0560,-72.2667
21.3679,68.0295
85.5548,74.5292
-39.4492,68.6539
-47.1821,76.0486
51.5451,8.1295
55.2747,-80.7390
30.4404,-17.2705
1.9148,-50.3153
-55.6901,13.2320
71.8498,-72.2033
-35.7213,4.5142
2.3271,-86.3472
75.7997,76.4664
-7.5999,-80.8791
57.4641,30.0351
-14.2823,-76.7492
4.7974,-46.9172
4.8830,39.8680
14.5333,-53.1413
-48.4259,59.1094
95.3870,-84.2259
7.5420,67.1506
-78.9536,-83.3177
14.9759,85.4679
-90.5741,-39.2260
-19.8034,4.7742
-38.6015,37.6437
19.8288,-67.4383
-73.9684,11.6597
-44.9886,73.6065
69.9109,-41.3778
-46.7456,-54.1440
63.3070,5.5541
-27.6158,82.1478
6.6110,-92.1270
62.2791,-11.3028
10.9389,-12.7292
69.5485,68.8368
71.3453,3.6223
-81.5584,96.4303
81.6126,-32.8182
77.0882,66.8528
30.9964,-51.3456
-97.8836,74.7817
-44.0225,-62.3887
41.0050,50.2562
23.7375,-75.6488
97.3935,-27.6112
27.4816,-40.9116
6.7614,-69.6987
-8.3302,-28.4404
78.0272,-13.0370
-92.7603,3.9667
-80.3375,1.8100
14.8094,-47.8781
27.9317,69.2874
-7.5734,-31.3606
0.5429,47.7409
53.1044,61.7734
73.1765,41.0016
31.8914,66.6081
46.8121,17.3377
60.8238,-69.0726
18.7560,-0.1525
-46.0697,-80.4750
80.4421,1.5799
2.6827,86.1712
-64.1147,-48.6341
-67.9475,66.1090
-18.8614,45.0921
-33.2447,-34.9170
88.2955,39.2410
-11.0937,32.7518
74.4291,-7.2593
-38.1766,6.3766
76.4985,-44.9188
-72.0479,54.7563
-39.3574,16.3854
53.5342,-28.0544
-36.9271,56.7008
-4.2458,-56.8089
-56.0662,-9.3857
-38.1709,-61.5496
75.8230,-14.3839
-96.5601,-97.3485
-72.5999,36.5097
-47.8079,89.9239
66.7631,-81.3858
93.1236,-79.4307
50.1792,-18.1846
3.5407,9.4348
32.7920,51.7754
-63.2276,-9.8007
2.2887,-50.6013
-66.3924,-74.8607
61.9482,-54.9327
57.5499,99.9545
-9.1673,7.8401
73.8636,43.6722
-40.1646,-32.8877
-41.9426,-58.1249
-51.7192,95.6145
62.1165,57.6408
-31.9343,-78.5358
-38.4499,-47.8941
16.7608,82.8132
73.0524,-50.5675
-84.5108,89.0407
72.7722,-83.9716
-63.5806,65.9219
89.8962,15.8991
65.6268,-77.8876
-10.6679,-64.5472
84.5338,-69.9938
-25.4704,25.4467
-21.3644,-26.1428
20.2811,27.6747
-41.4569,64.7818
99.8999,-84.6728
-31.2042,-48.2955
-79.6412,29.2222
-46.3651,-43.4583
-31.4656,-49.6688
-82.4479,83.2073
-38.2842,61.5459
-44.4630,32.4953
8.2866,-29.7261
-55.5739,12.1770
23.7800,16.7480
-80.8348,-37.6027
6.7179,77.6828
-87.4489,-43.4207
-37.0367,-41.9417
37.8440,-95.6422
77.8096,-89.8201
-33.9039,60.0249
-26.2495,-65.4749
73.0251,79.7319
94.3064,94.7492
-1.2480,-40.0753
30.4337,20.0718
3.6325,68.7063
-53.6624,62.3973
-49.9127,13.2217
58.7252,-84.4720
-7.9142,50.5896
61.5512,-77.9532
-55.4908,69.3703
97.6283,-10.0271
-60.6037,99.6085
-66.7907,92.1573
-96.5497,4.0876
-8.8072,-4.8002
-58.6853,52.2661
-25.2542,-81.9702
62.9994,-3.5819
3.2308,-71.9552
54.8335,-64.5804
25.3963,-73.1376
46.5675,48.7152
66.6071,-81.6166
-19.3321,40.9748
12.7391,45.9903
-15.7514,33.2567
-24.7270,-80.9796
-22.1158,-28.0097
-4.9952,24.0749
-36.1838,90.0895
-25.5332,35.5361
8.5664,-1.3241
-21.7625,-64.7113
62.6231,64.1252
-47.7640,-90.5941
-53.6826,-33.5360
-5.2943,12.7556
23.1447,-58.2494
-33.0095,39.5024
77.0731,37.7222
35.7738,-98.3982
52.0314,-63.2725
-15.6447,-65.0416
-0.1018,-45.6317
57.6968,-75.1769
-10.6444,48.8824
30.9461,-61.3827
6.0879,-85.7924
96.3074,-20.1113
-28.6470,73.5145
-30.4616,68.4859
-15.4587,50.4004
34.9573,66.6194
-3.6508,84.4874
-85.5615,33.0680
-84.9686,-21.5784
97.2371,-68.1335
66.8138,-82.4197
21.7214,-87.6963
69.1896,58.9833
43.3559,-5.5658
-79.3825,1.7253
-34.5774,49.4386
67.2569,1.1414
-66.3660,69.2747
13.9481,67.3103
-75.7449,-68.1734
52.5366,70.3682
69.0687,-92.3118
9.7281,-71.1949
-10.4953,35.9947
-73.2028,-16.1184
-26.9334,-88.7444
36.2575,-88.8204
-73.4473,98.0009
88.3288,-51.3158
-49.7340,-87.1090
4.9406,96.1496
67.4491,-42.6606
-3.8816,27.6533
-27.0188,19.6918
33.2691,-43.6355
83.7914,-32.8601
-47.0088,-66.3812
-53.8305,-86.2755
94.5566,84.9907
45.3267,62.7478
-54.2718,-74.5233
-27.2780,-6.1205
-42.8458,-16.5955
79.3794,91.7477
-12.5893,84.8919
-52.9949,-13.5088
10.7671,-66.9799
4.2049,-29.4972
-24.5313,-3.2199
-99.5895,-60.2302
-20.6710,-35.5603
-84.9120,-56.3798
9.7674,72.6175
-24.4316,-52.2756
93.2807,12.3738
14.9142,2.4343
43.0230,45.4596
86.5764,-73.8574
-17.0325,-14.2897
92.0464,10.5845
48.5948,25.9511
-92.1789,-98.3040
78.0474,90.0477
10.5389,-45.2761
-71.0310,62.9410
-0.6700,-24.5613
4.8254,22.5168
-76.3007,-91.8758
-21.1044,-18.3824
51.1118,34.4055
34.2013,-73.4772
-94.6336,44.5339
16.3492,28.8790
-48.1722,59.1821
71.6890,79.0417
5.2032,13.5957
24.6917,82.9872
-3.0672,59.9420
-94.5405,68.7335
26.0877,-4.3911
-68.7720,75.4153
-85.1541,20.8157
-8.3413,83.8505
-36.6757,-27.9546
-25.0332,41.3903
-28.6895,30.2402
-75.0588,-23.9996
-49.0377,24.7681
-3.2174,37.1644
-1.8203,-89.6262
4.6947,-66.5102
