88.9746,-36.7540
42.2970,-74.4909
-46.4210,-47.7738
13.5380,-31.7941
63.3320,11.1739
-87.6697,96.6484
-72.0932,22.8297
-52.5352,-99.6638
-86.9123,72.7708
-63.5695,-81.9628
40.5122,-59.0263
62.6276,61.9771
49.7352,7.8294
-33.5369,83.8676
-56.9784,72.0497
-1.2533,-62.6788
-50.0658,-24.7979
-84.9205,44.0366
-94.2968,10.0566
-13.4525,88.9163
87.1975,18.9967
-99.5116,69.7858
16.1538,-35.9379
-32.4885,11.7559
-77.0482,-69.8562
-57.5078,58.6149
-92.9003,-81.5618
15.7601,-51.3601
9.5341,-27.5228
-33.0304,-74.0773
32.8232,-65.9122
-79.5642,16.3039
-24.7914,94.8297
-47.8519,31.5966
94.7231,43.5480
18.3401,51.5386
-43.0091,-55.4356
-7.3725,59.8809
-76.3658,29.0888
10.5470,-33.2356
15.7147,-34.8690
-50.1357,35.3630
-61.4491,86.3926
92.4236,-27.9310
-38.5846,89.8947
-84.8352,15.2715
-70.1805,-94.4991
-46.8251,-26.4034
-7.0463,-33.9187
-85.2010,-82.7943
-25.5549,88.7868
3.3671,-33.9855
-73.5232,-84.3002
9.2638,2.2274
24.2964,-72.1122
-14.5713,-18.2021
-91.0131,-91.1218
38.1535,-52.9627
11.0651,58.8540
-24.7958,-91.9046
-95.4364,64.7663
46.1287,-40.1920
-52.8605,-71.0880
-95.0816,-91.5960
22.8569,80.4152
13.6838,-26.9098
-48.7052,9.4401
-22.8805,35.0767
95.0325,-94.4173
77.3710,-63.5949
-29.4285,-31.2352
-70.3124,-56.3165
-89.7333,-64.5955
-67.3986,48.8014
-73.5684,0.7403
72.0827,-52.7281
-61.8911,-5.4256
67.5078,-78.8245
89.2768,-67.5295
-31.9719,-39.8419
-70.2693,-55.5670
64.0482,-9.0209
-29.4749,56.3465
-87.1186,-76.8094
35.9691,57.8698
-6.3048,62.6173
-31.4650,74.9209
46.6427,38.6496
91.1869,-74.9131
54.0993,-46.6708
76.1902,-45.4267
-5.9655,5.9250
-13.2933,-45.1524
-69.5025,91.5975
35.8769,-3.5702
95.5408,-25.0647
81.5389,-46.6371
-31.0780,-45.0046
36.0565,-2.8778
12.1407,-90.8391
94.9267,-74.4316
-33.4073,-86.9505
61.4266,34.2089
8.1050,-77.6076
-51.0045,82.9980
64.4789,23.5598
80.3454,57.4438
50.7368,46.7311
7.0392,54.5130
96.1302,94.8008
-16.7558,-38.0536
-73.1556,58.4017
-88.6396,-20.2761
19.0883,18.3085
-88.0488,17.8682
-73.2656,-33.3574
97.2953,-11.3193
-72.5684,45.2935
3.3605,-54.2445
-30.3436,-92.8123
-37.4812,57.4077
-68.2396,-32.8755
-6.2673,-9.3439
67.7323,-69.8654
-1.1353,53.2073
-96.3756,-77.5596
88.4500,86.5803
31.6419,-15.8105
10.9190,28.8526
50.9742,22.5285
90.5566,-16.5783
-65.7535,-69.4769
1.2390,3.7671
-12.7724,-42.7716
62.7630,-10.1432
-58.5718,-0.7124
-67.9627,33.0376
-72.3624,-92.0831
-84.4648,89.6616
-29.3177,-56.9409
-51.8213,-84.0913
-64.5194,-53.3426
-42.0768,-23.1147
37.5206,-29.2419
-65.2559,-64.1014
-20.4814,26.0575
22.6255,-11.6424
-98.2736,60.1211
63.8729,-67.8316
47.8545,48.1063
68.4216,-62.2429
46.1858,-48.7538
27.8082,-38.5728
4.9158,-72.9475
34.0728,-46.8789
-53.5203,-36.6320
-98.8220,-79.7237
43.3552,-1.9513
37.7515,33.9134
25.9293,89.6989
6.8814,73.1059
3.7402,15.5312
-90.9966,-43.2986
18.1183,-23.0406
92.5837,-15.7403
-48.5425,-48.2296
53.9371,1.1805
44.3628,-57.9824
-81.5244,-23.9935
17.0679,67.5719
4.2749,-15.7576
0.6137,-20.6543
92.1455,39.8057
77.8937,93.0120
80.2553,-82.1694
-8.8313,28.4412
13.0323,-42.4285
62.1839,51.0380
92.9672,-98.8578
-58.8444,-6.2667
-43.5655,-13.2533
-84.1081,15.4184
46.3621,-57.7585
-61.1262,29.6683
89.9097,29.1187
14.7261,-71.4928
-60.4872,-59.1068
90.5954,-70.6286
-9.9320,82.3193
56.7949,-4.0347
-89.7821,-9.7369
-97.7503,-13.6055
65.1773,-51.1798
-15.1148,-81.7700
-19.7931,45.7741
-87.5782,-33.2682
2.1399,40.6985
-60.6332,19.6902
-21.8964,69.2050
-39.9919,59.5177
21.1674,69.3601
-1.9864,-90.3008
-49.2784,64.2339
47.1638,-18.7229
16.6288,64.3068
-63.2412,88.7525
85.2516,-25.4202
-51.2490,-67.6137
43.4341,-39.6634
19.9528,13.0796
-98.0650,-97.9902
76.0664,-37.2971
-50.0156,-41.6353
-14.7297,39.2100
91.8572,8.0010
7.9835,25.7705
-45.4517,-27.4754
-58.8674,-31.7112
-98.3703,-13.1698
-80.5621,80.3809
-29.7468,-94.1041
-81.1803,-21.0705
7.8945,45.9488
88.3227,38.4644
11.7778,42.7644
-36.1982,60.1443
-13.3605,71.1261
-84.6178,70.4949
-20.7782,40.0358
-88.7840,90.9103
85.1725,40.5545
48.8243,29.9943
5.8774,9.7025
17.1055,47.7764
-27.5349,-74.7902
91.0699,-68.7167
4.9063,-9.7337
99.2925,-24.3210
-63.3155,79.3615
62.1473,-80.1222
-35.7928,48.0444
-61.5798,-55.1106
55.9096,-13.0212
-0.4748,14.9124
-50.7721,48.1142
25.8815,37.1959
-69.7469,0.8464
65.2618,-24.2371
50.0798,40.7606
-0.2701,76.9956
75.6568,-14.8876
29.2744,-37.8126
-41.6443,-1.2832
-76.0129,-86.6221
57.8221,72.8405
-97.0641,-87.9225
-81.8658,-43.7530
-85.2737,-64.2830
-26.5776,8.4854
-19.6238,23.7172
45.6967,-83.7884
57.1738,86.8981
-75.5334,68.7051
-12.7872,28.3404
-44.6153,29.2784
-46.5148,-73.3373
-70.5019,-8.1015
-93.0902,-77.3240
80.0271,-66.8891
-7.7352,76.0039
98.4589,16.5837
39.0770,-3.3067
-75.2646,-1.4693
22.9551,55.8419
-53.0756,-27.5327
-54.7383,78.9767
19.8296,73.6703
-36.6132,19.9088
-67.5096,95.6767
-69.1104,70.6090
-6.5181,-70.8869
-71.1772,96.6700
-37.9590,8.5823
-14.7837,-17.2573
-36.9854,15.2495
-76.2473,-76.3035
94.3708,-19.4150
66.7898,97.5971
44.8813,9.3355
-43.7824,50.5839
-22.9537,-19.3412
-50.3390,45.2612
-30.5010,98.5498
-16.6515,-40.0799
60.1044,74.5461
56.2898,-72.3022
-60.1579,-67.4903
73.2726,44.9818
69.5605,1.1613
30.6381,44.8536
57.5837,55.9711
-84.7266,37.1733
-40.7792,-26.9755
51.6178,-72.2966
59.8900,-22.6149
94.7155,6.1145
39.6185,-74.6517
-5.6159,-22.6162
-48.6049,11.3250
44.0999,41.1755
-57.4701,7.6925
81.9616,-86.3177
-7.9667,70.4815
63.8929,-80.7852
-55.9476,-98.9010
-61.3598,23.5975
83.2058,54.0416
-63.0206,44.8381
-49.8519,-79.1387
-83.6371,-73.1280
63.2068,-43.0953
-94.6028,74.6589
-11.0647,50.7464
-11.9287,74.2010
-4.2840,-6.0227
38.5429,-38.5334
-8.3498,53.7520
19.2368,61.9989
-91.9848,-78.8432
78.9392,-61.1471
-21.4507,-99.9063
90.7006,-21.4374
-16.9488,-31.3700
-48.4303,41.0085
7.7748,7.6169
78.3453,9.6434
28.0035,31.2916
-75.3738,-80.4789
-87.8530,-6.4344
-54.2572,-25.1609
11.9249,79.0923
-84.1264,90.1961
-32.2818,70.9709
19.1505,54.3946
66.1095,-46.2413
70.0399,-50.9432
-2.4620,-23.2009
7.0679,-38.7669
55.8233,-92.0054
-44.2800,89.0066
56.2375,-47.8367
-11.3666,9.3541
-30.2374,87.7002
-26.9518,-80.1600
-38.6624,-42.2422
29.6245,-5.5444
14.8258,-43.9693
7.9398,61.2063
46.6385,74.0016
-33.7451,-36.0294
-54.4468,-89.9830
98.1483,-57.1736
82.5282,-30.0334
64.0049,-36.8106
-58.6697,-68.2345
-58.6540,-16.2300
20.8205,-82.1744
-92.4177,-48.4643
-23.9919,32.5522
-60.4917,-75.8331
31.4643,18.2094
-2.5466,3.6581
94.6125,-22.0843
-62.8121,96.5305
42.3705,-91.6744
-54.4943,56.1843
20.6699,93.4396
-26.6819,84.8191
26.8132,-88.2029
-51.7505,35.4904
-9.0576,93.4507
-11.4231,-64.8627
79.7716,-73.6883
85.8679,39.9088
-83.7606,-55.1540
6.5361,-62.6325
92.0177,5.3456
87.2895,57.2355
-30.1053,-98.7530
36.5445,-76.1743
-23.3289,-53.7596
-18.4061,74.0641
3.2050,-35.6371
21.7704,-14.3797
13.2037,-27.5740
9.4423,-19.0930
78.2420,-28.1215
27.9871,71.2685
98.8111,19.9168
-28.0131,-73.0979
-8.3197,96.0271
-94.1613,-61.0562
96.9679,-71.4527
28.1806,-9.1681
-21.0944,56.3839
-23.3910,-53.2786
-7.6752,-84.2694
-76.5864,52.7755
-45.2499,75.3688
95.5209,-18.6995
54.2858,15.8002
47.3361,-65.2395
14.6633,25.2782
31.7534,-17.2997
18.7603,42.6204
15.8326,95.4924
32.5239,-69.1712
17.2759,61.6865
73.5160,-80.8732
-41.3284,52.3096
-43.3286,64.0009
-3.5884,-9.7018
59.0792,58.5949
-75.0526,11.6637
-1.9251,17.5546
64.4564,63.2930
-66.1246,46.0995
-31.0773,-72.6146
-18.1370,73.6139
63.6531,-89.7237
50.6549,41.3163
26.3667,97.6048
-47.3396,-31.1773
16.4271,-26.0378
-98.6662,-4.7062
56.5911,60.6974
2.8884,-94.2504
34.7410,10.5105
-66.2590,-6.1528
-74.0755,34.0466
-55.9102,-68.3734
9.1652,-48.9095
53.6009,6.2749
57.1024,18.0985
-80.3492,43.9291
-2.8607,-12.6712
47.0590,58.1160
81.5311,-77.9811
49.2634,2.7854
59.6661,37.8549
-0.9785,-80.9185
-0.5575,-90.8468
76.9738,-67.6218
-2.1548,-58.2103
-79.5397,58.7782
-95.7345,40.5769
-16.3765,-28.5409
66.4686,45.9309
89.9226,21.5907
15.3077,68.9988
-86.1488,-45.9929
-50.2169,15.8026
51.5482,-71.3696
25.3173,15.9550
-11.6109,-95.5329
80.0598,47.4136
-0.7023,-74.0159
41.2661,-72.2836
76.7356,-68.8580
-68.1981,-55.6950
-22.7211,-22.8290
-59.3886,94.1056
-7.1900,76.4015
49.6893,-80.1720
36.0962,52.6134
-7.4110,-48.7219
63.3921,-45.0017
-81.8889,98.5036
-78.7603,71.9801
42.7596,-26.8515
52.8603,-47.5360
-49.4169,-48.2004
-14.2068,44.7362
29.2270,-20.0779
75.6643,15.8201
-46.1257,-77.7874
58.3129,-85.2998
88.0996,-94.9361
-77.3363,-31.3468
-11.1098,-86.2703
26.5413,-52.7997
6.2712,23.2513
38.6529,98.8452
99.5272,-76.0356
-90.9319,-9.5912
84.0226,19.0175
34.4858,40.3189
26.0949,61.1553
39.6557,-34.5027
-47.3828,10.3775
65.9567,95.7654
-12.7413,-33.0953
77.7581,54.6638
70.4527,24.1811
-58.6975,-70.1189
69.2755,-96.6475
84.2906,4.8161
68.8348,-80.1043
-7.6460,-35.3523
42.9847,-95.7158
-48.1919,-68.7710
-62.4569,-71.1692
-13.4893,-64.9728
85.2253,-36.0671
-23.6556,-8.8835
4.3368,31.1794
47.4148,-22.0417
49.2675,-86.3073
-9.7047,98.3824
-72.1474,25.8762
79.4205,43.2785
5.3203,-90.9779
58.0558,87.0829
82.0974,17.4144
64.8225,-66.3941
-2.2215,-53.3836
12.4283,-10.0738
-47.7924,81.0149
-73.0047,18.0614
20.8559,-6.5452
-70.5572,-65.5156
-88.1424,32.0810
5.9745,96.9272
68.1959,-74.0562
73.0506,55.7789
-64.5937,-22.9312
84.7279,64.3098
-11.1433,6.3014
-55.1680,-13.1975
-52.2750,67.0698
18.2719,-93.3613
-58.0149,7.9700
-70.0390,24.6977
-54.5166,48.0863
64.9845,90.3315
31.1613,78.7281
14.5122,-15.3996
-29.2327,-30.6400
62.5758,-41.9047
7.2603,7.5701
95.0751,7.2967
49.4979,-52.3489
3.2782,83.3999
-84.6015,-86.5552
2.3355,61.1504
-76.6683,-7.1934
-46.5697,57.5224
32.2276,-27.6370
34.6295,83.7708
99.7062,-12.3606
46.3569,21.7952
55.3723,52.0937
-80.5674,10.0076
-9.4899,-24.2979
5.2858,-64.5277
-1.2973,97.9259
32.6884,70.7965
-17.0890,-15.8586
-53.3352,-77.6198
91.3301,28.3169
-96.8274,-60.3441
-86.6306,-83.2625
-8.1323,12.7515
80.9209,9.7788
-49.8585,50.7802
55.4981,15.7917
-67.8356,-25.5353
-98.7376,22.7709
6.5214,43.2140
81.6105,-4.5811
1.5258,-14.1880
59.4628,-12.6076
-10.2635,5.5453
34.1819,63.6207
-92.2614,50.0870
-25.3031,-45.0298
93.5890,49.6321
5.0909,-62.4798
43.6419,-57.8752
-12.0927,-76.0279
-85.2941,-64.4238
-7.5691,-79.7110
81.7278,-26.0760
88.7905,-85.0339
-52.5462,40.0721
-79.5711,44.1160
36.0834,50.0377
88.1900,76.6800
-58.3900,11.0437
33.8405,29.3054
36.3703,36.2294
44.8249,-9.7402
-82.4491,-14.5037
-17.5888,-87.2421
-52.4430,-34.6528
73.4391,6.1204
-76.9098,-8.9091
35.8079,-37.8755
-21.3528,84.0291
82.8127,-56.2774
-60.0015,-19.7571
-18.2638,-35.8268
-73.2716,40.3985
-40.3523,82.1905
63.8726,52.3716
-7.0514,-19.0208
-79.9243,-74.1798
36.9744,9.5219
-10.2077,-19.5033
-26.0312,-48.8672
59.0798,-99.9219
75.3901,-0.2226
-67.8529,63.7273
61.9232,91.3125
6.9697,46.1709
60.4285,-69.0825
41.5400,-24.3525
55.0430,70.3915
71.9474,24.6521
-99.2332,-13.0034
-52.9382,-91.2616
-24.5428,82.9426
-42.0564,33.6730
84.3163,2.8288
-86.0974,-11.3489
-47.0877,14.9496
-39.5471,53.4120
-97.8219,1.8948
34.5902,-98.6805
96.8880,40.6962
-81.2860,-60.0159
-79.8910,-93.7368
-16.5028,32.0385
-38.7036,15.4113
65.5115,-43.7033
90.9894,44.2187
-52.2466,-89.3430
-46.3896,32.0059
92.8467,66.1270
70.7938,35.8305
79.3241,-40.9274
-19.9029,-42.8515
-7.5384,-62.8369
-39.1996,77.1551
-39.3564,-68.3581
20.4783,13.0593
-82.6035,-32.4201
16.9101,-89.6387
34.8584,76.8889
-64.9585,-89.4295
2.4346,86.8872
35.1537,-5.9265
-94.3122,-25.9850
55.7925,48.5072
-13.0631,-55.8883
73.4205,97.5018
-2.4237,4.1082
88.8853,-73.2745
-76.1430,-15.6397
52.6813,-9.6054
-66.1958,-77.2157
-94.3198,-65.2210
-11.6944,99.2400
-6.0151,-14.6212
-88.8440,72.4274
71.6475,-99.4250
-55.4694,-24.2748
-41.7758,98.4078
76.7128,-19.8889
1.0044,-58.2192
-11.0756,-80.2848
32.9064,-78.4927
-2.3401,-56.6633
41.4639,-47.1131
12.2301,32.1820
-73.9296,-62.2861
33.7026,-10.0219
-24.6479,48.2183
43.3807,-56.5052
49.1781,65.0730
-87.1743,20.6041
99.0936,85.6574
-24.7899,-73.5579
-39.1665,73.5848
20.3498,22.3068
0.9419,56.2985
1.9662,-1.4520
-4.9464,95.1704
-53.1888,-91.6979
76.0414,-28.3629
-11.1766,20.1534
-12.8135,-91.6069
80.2485,27.0285
12.1151,-70.1574
-76.4393,67.0365
92.3734,80.7791
93.9299,-74.5670
89.2352,20.0302
87.9251,-88.4008
-60.6025,-81.7133
-47.0217,83.4723
43.4155,-90.9008
-73.7926,46.3793
-65.6129,55.9711
-21.1019,54.6050
11.9434,-60.8086
5.0727,-64.8171
-83.7735,94.7524
87.8316,-23.7527
-59.2884,-40.9111
61.6063,89.3448
-60.0103,62.0704
22.4653,-47.2620
-4.7865,89.0531
-17.2906,79.1507
32.6353,6.9694
-70.8897,-12.9195
-92.9683,-27.1007
-91.9842,36.1784
-86.6859,5.2113
94.7973,83.6820
-21.9272,36.6051
15.0861,-0.8832
-91.1514,-72.8296
-99.7555,81.8441
60.2366,-90.1775
12.2075,94.9369
41.7174,-54.9838
-41.8533,52.2934
16.5078,-58.3172
-6.5609,-8.4215
-48.2105,84.6429
-40.3371,-55.1166
82.6184,26.3028
-96.3142,-3.0841
-84.3966,9.6177
33.5015,29.7627
-52.7853,52.9484
-5.7377,-20.4974
80.2138,71.9576
37.0870,-58.0099
75.6370,77.3898
6.5021,81.0434
74.3196,65.1967
59.2291,74.3812
-73.8366,15.1107
-35.0253,-99.1243
65.4757,9.1340
70.8045,-41.4070
43.6924,-5.9222
7.4443,24.0364
67.4527,-0.9806
23.2265,-12.5967
66.2185,-71.9057
-98.9592,-31.3499
73.4921,-61.8436
23.8250,65.9426
-50.5736,-30.0299
85.8528,-55.7711
68.6764,-90.2313
-74.7049,72.0459
-35.1872,-28.1276
29.3957,-43.3194
-83.2193,73.1507
-75.5533,3.8578
17.2651,17.5361
76.6768,-43.1535
44.7744,-75.2104
-50.7347,65.9818
-76.9675,-4.8869
59.7117,54.3649
-95.2697,-15.3502
9.1921,-41.1940
-3.3358,-59.4586
63.9671,50.6782
-13.8451,-10.2723
-56.6892,39.7748
85.6503,41.0839
88.1012,73.1295
73.8013,72.2428
-2.4472,28.7447
66.2576,29.8666
-95.7967,5.5011
8.5182,-33.5918
-50.9491,-74.0695
42.0153,38.3818
27.2319,-20.0278
-75.1774,-12.5929
-1.8016,-22.7225
13.0949,-75.2753
-67.7068,49.2050
58.0721,-34.9930
-2.6881,-50.8874
-33.8469,72.6575
-18.6271,3.5039
-10.5843,-5.5877
-91.3519,-84.2796
24.7023,98.7105
-99.3924,37.8999
16.6716,-56.5845
29.4519,62.8562
-34.3486,71.4264
61.9859,81.5975
97.5278,-12.3778
59.3781,-23.2950
-71.4394,64.4991
-50.2133,-80.4352
-65.2031,2.1972
8.5483,34.9628
91.5081,58.9241
-39.8574,-11.5756
-47.0815,96.0619
-11.7493,76.6403
88.1457,-14.3315
16.0655,14.8920
-41.9888,36.8507
-0.6737,-92.7654
71.7155,-84.4544
-32.3325,11.6200
-38.8746,-5.4194
-95.6944,29.1591
25.4299,-11.6673
-60.1170,-27.6180
17.1668,-77.6581
-5.5947,81.1089
53.3621,-41.2100
-53.5893,83.1426
69.3931,3.3462
67.5190,71.4171
-38.4804,29.9714
6.0813,4.6466
-82.7983,35.9309
-93.6762,-94.0150
14.0325,77.7424
92.8230,64.2639
-77.3941,-30.3093
61.4884,-33.6032
-30.6370,15.6368
-47.7820,60.5476
8.7714,0.6173
40.6468,46.6256
-80.6682,65.0108
-46.0908,-39.3431
89.6296,96.3816
-35.9434,15.3859
19.7652,7.5933
96.9871,31.9269
21.5030,67.1750
36.3158,76.0715
-35.1873,-88.6673
85.9432,92.6459
31.3286,-25.5214
49.2170,17.1722
13.6439,-78.8427
-76.7956,81.0389
-67.1956,27.4568
-71.4348,-92.5499
-84.6675,-3.1372
-52.5391,79.6084
-51.4383,-17.5716
38.7971,-6.5520
99.2231,63.0110
38.0989,-97.6196
26.5537,24.8235
-67.7733,83.6837
51.1278,61.0117
48.8008,23.8651
-36.8839,8.0703
71.5991,59.5060
-9.6388,-99.0384
43.2021,63.6228
-19.6917,95.8070
36.6535,-52.4891
95.3250,-57.9409
85.0466,49.7657
21.7586,77.8708
-71.4327,58.4045
-62.4212,-3.2393
-8.8124,95.7216
16.1080,23.1073
83.6519,-31.5924
-48.1471,2.8964
-94.5185,48.9053
-21.3339,-63.3198
-8.5345,-75.4708
54.1401,-78.3972
-13.3378,-75.4224
-30.1889,-15.7113
35.4987,8.1432
-73.9952,28.0459
69.7613,-89.1105
81.2826,-66.8975
-10.7772,-14.8308
-61.9134,40.8722
54.3353,-62.9478
14.3211,37.6672
-31.9509,33.0282
-52.7266,-64.0132
77.1098,37.0309
-67.8268,2.6609
78.1085,16.7131
42.7059,43.9872
72.4063,-32.9566
-19.5877,-16.5508
-67.8494,18.7485
33.1481,-3.6152
93.8200,58.8432
-96.1281,-71.1103
-26.9036,-62.9330
25.8197,-97.1838
-26.3835,3.4698
-45.0673,64.4435
-15.9077,-6.8953
-25.6701,34.5247
-96.7516,-50.1255
-42.1288,65.0863
-71.6759,-21.2310
32.4300,-93.5359
-29.3555,-71.7068
-93.9960,-27.0195
40.9477,10.3577
56.4238,45.9764
87.2291,75.9333
-1.7586,80.7565
-83.9783,2.1129
-76.7147,42.6661
-51.2046,1.8520
21.3798,74.7724
2.3302,66.8691
15.5962,96.1037
-92.9439,-1.5546
-55.7183,91.0644
-48.2037,50.2473
57.9533,0.4120
-42.3933,11.2383
-20.5392,-7.2984
42.6042,30.1429
46.7694,-32.6876
48.6460,-3.0635
-16.8504,66.0341
-45.2368,49.4557
-11.8360,-26.4766
83.1853,-75.4985
17.8453,-44.4441
-25.0445,9.2503
-77.8702,-84.3506
89.4829,61.8002
88.8587,-38.3889
8.1646,-1.9494
-27.4334,-86.5425
7.9401,26.8381
14.6016,-13.2868
-74.8424,36.4698
-1.3125,24.4492
-19.7103,-31.8080
19.8231,-1.0199
95.7557,49.7554
24.0830,20.3192
-98.9696,-13.2596
-45.6054,-61.6836
89.5405,23.8808
-71.3032,-30.1782
14.3900,84.2770
-73.7951,58.3473
17.9557,-8.9615
-29.9771,-41.1064
39.6770,4.8432
17.7587,-26.5565
-66.9892,-81.4761
-40.9824,60.7825
-43.0782,60.3222
-7.7181,-0.1905
20.4687,-87.3051
-21.0641,65.3938
-91.6499,86.4030
25.6519,49.6945
-58.9536,67.8623
67.8608,2.3754
-33.3306,0.6422
-58.4214,18.2269
23.2055,44.9854
38.8428,98.8255
60.5870,-9.8078
-88.0511,68.3173
26.6565,-15.7737
8.5415,-66.2655
-5.3707,26.1961
-58.8609,77.2451
-24.8321,-14.8273
10.6892,84.1644
-67.3972,30.2162
69.7006,-81.3594
-58.5372,-36.7902
24.1571,38.6662
-14.1122,0.9763
-34.3971,83.5824
-96.7428,-71.8042
-75.4914,8.4422
83.5725,-83.9887
19.9941,-79.7222
56.4306,-33.6914
51.5549,75.0749
94.8597,19.2795
20.5904,83.6756
-66.3638,56.1326
60.7859,18.7643
-40.0204,-43.5164
2.2872,-76.1619
-10.5013,-49.1723
94.1526,87.1933
-45.0227,-97.9455
49.9756,19.3386
-53.4249,34.7244
-42.0121,-55.6722
9.2795,-8.9118
30.6530,17.4922
10.8805,90.2505
8.3411,-87.3428
88.2238,24.8372
76.5245,65.8005
-7.2356,50.1984
-12.4381,-74.1776
90.6853,-32.3310
-70.6344,-92.5982
49.8191,52.7506
-29.4324,24.3825
59.4762,55.6974
61.3188,-80.8364
-34.5992,14.3785
-56.5927,-84.7203
-73.6123,-45.1304
62.4288,96.8266
-40.6715,43.1638
-10.2306,11.6991
10.2406,18.8332
-47.0070,-68.2304
-96.4841,-72.6360
80.2365,-36.0009
20.4664,82.7718
-40.0642,30.2944
80.6280,7.2249
-10.6661,-6.3396
-30.6828,-46.0123
-88.3182,-51.7433
38.5168,27.1853
-39.2368,-67.4120
78.1261,66.5851
2.9752,93.0408
-21.7581,-3.4211
-52.6781,-24.4237
-52.9692,41.0687
47.5176,-34.1580
-95.3317,2.0550
-5.2576,-4.6579
-89.4682,4.7820
-21.3483,-62.2886
-69.5887,10.1230
-78.4039,-63.2887
68.8394,-2.3803
-73.2123,58.5617
44.1934,19.9758
-95.2362,-62.1714
-46.6090,-13.6372
-59.7403,69.2800
-23.2018,-49.9319
-66.8638,36.8541
19.8713,-69.2977
0.7221,81.8873
51.2760,-7.9572
-2.6535,68.4522
-43.2677,-61.6148
87.8507,98.8792
-73.2749,37.2775
55.6744,11.7124
38.2319,64.0312
87.0988,55.6060
-18.8038,-69.8765
44.2673,-56.8311
-21.6699,-6.3401
-89.6412,34.4210
-44.8285,19.8545
-99.3833,6.3516
68.3231,-32.1618
2.9662,69.8162
-71.8340,-83.0726
56.6988,-86.8141
-69.2674,63.3462
-96.7401,-21.3052
-75.6571,28.3500
-65.9146,-16.2605
88.1808,-25.3662
-67.4871,-25.2305
-34.5527,-83.8891
-87.3838,-60.9015
0.9192,-64.5312
-75.7974,97.2426
-93.2890,57.6138
-32.6061,74.0768
70.5648,87.5505
-64.0123,-77.0955
-66.0147,7.1150
48.6680,4.9981
64.5738,66.9515
-96.4649,-97.9550
-53.9828,0.8948
23.2530,-59.2678
-90.2731,-72.2569
-95.4642,-21.7870
23.8698,-19.3520
68.7846,-92.7047
4.4070,-89.0927
-81.7955,-60.7825
88.0814,38.3936
-30.6132,83.6732
66.8434,57.9002
57.6937,40.0990
-65.1788,78.2904
-54.0247,42.8766
10.4833,23.3173
36.2382,44.9491
-25.8922,-85.6521
-59.4128,-92.2894
-88.8523,54.4766
-62.3292,6.8033
27.5384,-82.5537
-50.8256,68.0126
-85.7204,-21.2748
-55.9089,-28.9501
-52.8122,54.9771
41.1359,46.3351
-51.4829,-55.3323
-12.0116,-97.3620
-31.8927,19.6972
12.4664,-47.3375
-79.1026,-24.4382
-78.7389,17.5282
-17.2914,60.0748
-15.0483,-26.7986
-92.7471,11.8721
-63.6114,-29.4551
-17.5149,-38.5971
-37.5481,-25.7473
44.4838,97.9156
-51.6283,14.1802
-1.5375,-25.8770
-19.8634,-80.6345
31.0544,5.6887
70.5720,29.5289
-28.1629,92.5673
58.8937,-93.0935
-6.0992,63.7479
-98.6261,13.5269
-52.3062,-36.0285
18.8383,95.1556
-80.0977,24.9615
-65.0033,69.5891
-68.6131,35.8198
-50.3687,-48.5668
37.4404,-47.3749
99.7953,51.5380
-41.5071,44.3239
-16.8859,-44.1539
-62.4420,92.3361
9.5885,8.6944
-7.9263,-54.3325
63.7850,-77.0170
-30.6482,-23.4254
-94.0296,-32.6399
6.5909,-41.6356
34.8058,-30.2688
83.4995,-15.4581
-98.6494,-97.0813
87.4441,-21.5872
-48.7888,53.1098
-12.8052,50.7907
-25.8050,51.4713
0.2342,-26.3727
-31.0476,-21.9110
-43.7537,-65.7854
38.2755,21.1037
19.3300,97.1814
-53.0298,-36.6251
18.4396,42.6693
-19.0130,53.7034
-35.9724,-5.0863
90.8715,-27.7555
-77.2020,45.8862
-46.1038,-72.9978
42.1425,-10.3017
77.6239,-73.2512
82.1317,-35.6613
21.9544,75.5524
-0.7887,-81.4649
22.7763,61.8169
21.9252,-31.3597
-75.0994,-17.3075
-73.3463,77.6705
63.9691,78.5731
-61.1085,27.7694
-77.3305,-25.7975
3.8666,0.0595
-34.5361,-50.6511
-18.1747,-78.7181
-72.7073,-69.8227
95.5779,-44.0611
22.8662,-14.3785
-7.7088,-92.9985
-36.7480,43.9282
47.1466,-99.3330
-14.3538,-62.2305
21.3315,12.3077
90.5346,90.2157
63.2749,16.0788
-11.6328,-26.1237
-76.6062,4.8909
5.3274,41.6674
-47.9914,40.1021
38.9821,-66.2322
21.1551,42.6375
-61.7334,-24.1821
-64.3203,87.1508
-96.0245,-60.9811
8.6043,86.9218
-9.1485,-93.2207
87.7732,-10.5235
73.7219,64.4123
-84.7867,-1.5970
25.3252,34.7814
82.9174,45.9348
27.5143,89.7880
12.9170,-17.8141
-62.0735,-98.3269
11.9729,-61.1335
64.3701,37.9657
-92.6812,-52.7477
26.4617,-24.3638
-12.9415,-76.0278
26.3448,74.5697
-17.4676,-2.9739
-42.5793,-33.5614
-86.3960,22.4787
-24.6306,-80.3255
-31.8889,87.9719
52.5520,44.9013
-59.2149,39.7916
-89.1635,-93.0038
-13.0038,-35.9455
49.8514,-79.5423
72.6325,-58.3220
78.6394,-32.7469
-20.7842,-28.8066
-28.5462,-60.5687
-63.5551,-54.6403
47.9815,1.1575
48.6143,-19.9740
72.9744,-42.3017
-33.1007,-98.9346
43.4802,-90.8469
-81.2279,73.2072
57.7299,-78.4926
-87.8694,76.1083
-49.5976,-16.2332
29.1172,93.6186
91.4820,85.2621
73.2994,-84.8854
5.3552,-74.0188
34.8422,54.0439
-73.8808,64.7445
-33.6070,66.5023
-3.5301,39.2282
-28.9031,67.2755
-51.2824,6.9191
-12.1347,-96.4063
-0.0838,43.2116
90.3976,-48.0441
-68.9455,58.7064
-30.5029,-23.0619
60.0789,-61.0168
67.6802,29.1207
-69.2592,19.0977
-58.3938,-81.5275
89.6262,-93.8924
87.8065,-3.3564
96.8576,61.2551
-85.1332,-25.3360
-80.3256,-34.3022
15.9252,39.5139
92.7098,-48.7664
7.4099,35.5086
-23.5879,-14.3704
-95.3738,-49.4888
-27.5061,-38.3387
-40.0608,-19.7831
92.0024,-84.9176
0.0294,-65.0623
54.1787,70.2110
-32.3092,34.1340
18.3811,86.2012
54.2528,-21.6312
94.2842,-22.5305
39.2557,41.4059
-13.7072,-88.1113
-64.7763,-2.5995
22.3776,-63.9978
29.0912,44.1113
36.1109,32.6243
73.1570,31.1348
-49.5953,-68.4820
47.6264,-55.0954
-2.4776,-25.9153
16.8090,12.3943
-17.0576,86.7074
86.0307,-83.4184
-59.9958,43.8232
-0.5580,38.7735
57.8991,88.0762
23.0253,11.8826
-7.8059,-32.8109
75.7472,-76.3445
85.5355,-33.4068
80.8022,-82.0082
83.6103,31.9826
88.9549,-15.8309
98.8702,-9.5291
90.7470,-85.6231
50.7982,-28.5067
85.3037,-79.0249
-27.5928,83.0942
-12.0480,24.8214
-13.3591,-43.0805
-56.8507,-99.7286
-57.6127,-18.7884
-76.6440,4.1031
94.1436,-40.3751
27.5902,49.0933
73.6499,-84.1599
82.5623,-52.4839
-46.9099,83.4095
97.8208,55.6712
34.2848,-19.1422
-85.6131,-48.8425
6.9368,-72.0261
-30.1423,-42.1641
-27.2026,86.8953
-88.6380,-0.7780
19.0414,-92.2352
48.3556,15.2539
72.7123,-70.5906
70.9045,-70.7001
-93.4235,-68.7521
46.5687,20.8347
-55.8280,-1.7754
-53.6185,-86.9397
-75.6509,24.5972
52.5884,34.3768
-14.1835,-88.3767
61.4911,-13.1839
8.4140,-49.0030
-76.5766,82.9900
11.5541,-53.9651
-12.9112,-53.3633
-3.2359,27.1314
4.4293,-41.4649
-42.0800,-81.5238
58.2292,11.3504
-98.5024,56.5824
62.1460,-90.8583
-74.0969,2.5016
-55.6832,-91.0891
9.5963,71.8495
-97.6432,-51.0718
-37.5978,-60.8948
30.3877,26.1448
28.7410,-32.3594
80.2421,65.3897
-53.4445,82.1461
64.9983,57.6860
-58.2579,38.5918
-8.4642,-7.1324
56.5822,19.3981
93.0319,33.1182
-87.0453,-98.8747
45.4045,3.5791
96.1888,-25.0241
-61.2886,-21.6717
15.6675,27.8471
-55.1509,-52.1561
-73.1140,98.9989
27.9792,-1.1127
-89.6607,-10.0014
60.8931,25.4440
85.6767,45.1112
95.2833,50.3900
-14.6888,-22.2539
18.3989,47.8883
66.7739,48.9730
-78.5428,72.2221
-71.3926,94.8638
12.3001,-31.1158
15.1828,-47.2584
-99.5744,30.9452
-41.0338,57.0438
25.0396,-49.5154
86.9895,99.0033
-48.0452,-93.6451
65.1649,-42.1300
3.5137,-58.4540
-99.8339,-70.3940
66.9188,3.6007
-5.9726,-46.1897
42.4504,-54.9508
94.6257,-33.9403
32.9934,66.7431
-1.7765,-73.6341
-76.6430,-87.5056
59.7237,-22.1154
-93.1291,-78.8753
44.6518,64.1115
12.0158,37.6360
-72.4578,-12.0246
-16.5179,96.5483
83.1843,-14.4004
5.3876,58.9480
16.3699,-47.1079
-21.1149,22.6969
82.4426,90.6703
66.3077,-91.3694
-60.4721,83.9692
-19.4729,97.2052
41.8396,-75.3271
76.8024,92.8687
-15.5992,-28.2927
90.0273,19.4592
-89.0400,-90.6377
57.7722,-76.3866
69.5008,-73.2920
69.8733,-47.0391
44.0102,86.0272
37.6588,36.5547
-59.6051,-79.9531
85.1148,26.3850
-25.1702,11.2104
87.0677,90.4754
-20.6934,74.7148
-93.1385,-9.6646
-63.9489,62.2110
-46.0269,-91.5726
50.2430,-51.0079
-92.2919,97.8506
-73.2176,-1.2419
24.4886,-5.4741
27.5202,80.9160
-60.0376,-23.4832
25.9469,-89.2309
-99.9802,-87.0952
-40.8614,65.0835
-65.8752,83.6887
-48.0962,75.2413
-86.5476,-15.8599
67.9572,-6.8432
24.7093,-45.9581
18.1665,97.4479
87.5418,-5.0661
-59.1202,-15.4929
-46.6249,-55.9335
32.6474,-29.5130
80.1412,-4.3379
59.5610,54.2985
46.5439,55.1671
-88.7610,97.1045
-37.7078,37.1922
23.9866,-34.0628
-8.6232,50.3401
95.3259,-4.6595
91.4039,2.0597
32.3404,83.8908
-96.9246,-66.7520
-42.7961,11.4625
57.3187,36.5121
19.7489,-97.2156
18.1858,76.9074
47.5674,78.8897
92.3222,43.4102
46.2843,31.8676
-99.7794,-98.6242
55.6054,-92.9201
-71.9079,-44.4947
31.3541,58.9304
42.2606,-92.6000
-4.8965,14.2168
-28.9782,94.7446
93.0022,80.2141
-16.8179,56.5425
30.7983,82.9304
46.8613,-68.4685
67.2684,-61.1969
67.0069,80.4599
-34.3651,-37.9128
-51.5569,-20.1875
21.5217,-46.4631
96.0343,31.5667
-99.5435,72.4215
8.1892,31.6013
-94.2298,9.5742
8.6047,93.7615
-98.8772,54.4997
19.6597,-80.1770
-31.2357,-87.2463
62.2791,25.3506
-81.4203,-68.7662
-46.7112,-13.7595
68.4190,-66.2194
-21.8107,92.5821
-22.0011,-37.8859
-14.6990,-93.6215
-0.4941,48.4478
0.4545,84.8498
14.6269,-82.3490
-23.7638,89.6878
-75.8413,73.7112
-51.0806,-6.7251
8.4967,13.0214
57.6571,33.6008
17.9607,-90.6159
58.9996,93.1289
94.2135,-26.6859
88.2836,5.7964
-0.8187,5.5483
49.1499,3.9739
-24.3045,-99.4190
-6.0839,6.4065
69.1178,-13.0338
-80.8240,38.2097
-12.1629,86.9996
61.6672,-72.5672
-27.3590,87.8764
-50.4577,-37.5886
-38.4344,-12.6569
-92.8784,-4.4104
85.2571,-58.4700
29.0438,0.5958
54.1928,-2.8227
86.9631,-34.6766
-26.4135,44.7022
-6.2007,-22.0146
90.0478,-43.2180
-11.9882,-16.5471
-34.1817,-58.8098
38.6142,-93.9877
-0.0192,-18.0321
79.2755,-72.8233
75.5906,-44.8638
-25.2863,-81.7090
-3.4939,12.9100
72.7841,37.5872
-38.7608,51.7342
87.6610,-46.3509
-33.0403,40.7660
37.6273,-73.3179
-37.9447,16.8604
47.7480,14.3190
-65.4541,-86.7421
-66.9169,1.5839
-68.2923,-48.8310
66.1080,11.8736
-10.2860,-44.6379
38.0899,99.2669
-17.9568,-73.4123
55.7909,-25.7656
40.4305,29.9717
67.6074,84.6652
-50.1042,-43.9583
-6.5688,-11.9340
37.4844,99.7757
10.7876,-37.5654
60.3802,4.4222
52.9126,78.8760
42.1947,-9.5383
-42.5639,-86.9997
-8.1743,-92.9599
36.2111,34.1246
79.8631,-81.1701
-91.6566,-5.6733
-63.3407,44.9673
6.5996,61.6610
-44.0531,-75.2308
-91.1143,9.5627
67.6337,23.6344
-87.3235,99.9188
-9.6341,87.7110
-30.5835,52.4055
32.0760,40.3285
-21.2830,-4.7032
-33.6022,-63.5506
-51.0239,71.2717
88.6691,-46.9415
-61.5693,90.2719
-26.5203,-75.7163
-20.1649,-66.9727
20.3159,95.7222
70.8292,3.7335
64.1848,51.7519
95.4036,-33.0927
-65.1002,39.9017
-72.3236,77.5129
26.4076,85.7180
-95.9400,-42.2055
0.6502,-42.0399
-7.5427,42.6535
29.1728,16.1389
-47.4357,-85.8883
-93.1214,-22.6316
72.1931,77.8570
-88.7839,-47.1231
-61.8943,-41.6789
85.7804,11.0711
3.5066,44.4377
-99.1853,27.3174
40.8267,7.7901
9.3003,-99.6645
64.2224,-6.3419
14.9080,45.8662
58.3205,-32.6375
-6.6964,-72.7278
19.9385,86.9132
-31.2698,-79.7194
-51.1356,-75.9494
-82.2175,29.1783
-57.3663,-87.1200
87.2328,46.0551
-16.0486,82.7858
-44.5360,-70.2056
-39.7812,-15.2481
55.2563,-91.9820
31.7804,-23.7162
-41.0134,-34.0657
-83.0507,-7.2622
29.1935,44.4106
-83.2051,97.9360
65.8116,30.0324
99.7913,16.2000
14.6341,56.4369
-78.4936,58.5206
33.7847,-5.3911
-11.4890,-81.0300
59.3393,66.3338
99.2401,78.9434
61.7035,-27.3439
71.5371,19.3111
-28.7582,-25.5945
35.5472,38.8061
92.8799,-40.8499
64.2041,85.7675
-43.8565,52.1886
-73.3040,90.3989
94.2300,21.8501
-34.0378,-10.8198
52.7719,-59.3249
56.4550,40.0484
82.1152,40.2640
91.2020,-4.2812
-88.3173,-84.2802
57.5393,-20.6500
-99.7041,61.6088
82.3976,88.3826
56.2750,18.4335
-78.1152,68.1027
-58.9675,-99.8151
-31.5282,28.4117
-18.7063,-88.8292
-85.4919,70.8113
-70.5239,78.5032
28.9863,-69.7000
-13.7775,55.1065
28.0998,-85.4160
-63.2331,-36.5219
-2.0794,51.0975
51.9077,-11.1379
-34.3539,1.3090
-89.1453,32.7488
74.7183,27.8157
73.6046,52.5521
-1.9933,-16.3298
-59.6589,31.1252
61.9592,-58.9053
72.8020,-92.9177
-61.4569,-12.1497
-98.4675,83.0203
84.0288,-1.2077
48.1892,10.1310
-55.7791,61.5050
-38.1114,-16.3146
57.6220,77.0937
-3.9962,75.9297
-63.5582,91.1548
80.6123,7.7804
-94.7445,-86.7664
-80.9909,25.5596
90.7579,97.4374
22.9923,-45.6307
72.2148,-83.6063
-7.7690,-23.3412
-33.6875,98.2452
58.9903,56.5691
-18.9762,29.6984
57.0830,42.6802
-85.1622,-58.5366
25.0352,-48.7147
22.8171,-99.2023
-58.7200,-67.4710
-12.3953,-26.3527
67.3085,-8.7244
72.0493,-39.1266
-64.3527,-54.7354
96.4608,12.4245
56.8850,6.9052
49.5876,20.6491
-10.6889,64.7550
50.4365,83.0881
-51.1440,-76.0426
60.3425,10.7267
59.7415,-56.0741
51.5091,-22.4332
-16.9989,-60.6536
87.7919,-55.0900
29.5754,-3.1830
56.8036,-16.3404
-53.2129,-70.0150
-72.5750,69.0002
-33.3216,32.8196
-67.2018,5.9442
-78.7536,-8.9861
-87.7893,68.1104
-34.8000,-68.1577
40.1612,-28.2059
7.1009,-60.2444
70.8259,-9.7074
15.2238,22.7901
41.0596,-96.4476
-85.9642,25.3320
99.0785,-23.5419
49.5462,44.2345
-2.5830,1.4952
5.5019,-26.9188
81.1987,-88.8194
-53.4524,61.5119
-70.9771,-74.0554
0.0430,-74.6430
-38.7905,69.7054
88.7687,47.7204
67.3117,-49.2731
25.1369,96.3501
-47.5917,28.2873
43.2138,-18.5137
83.2590,42.1097
-44.3856,23.9558
25.7828,57.8310
33.2004,-99.1740
93.0509,-64.4874
-98.5463,-78.5685
22.8953,85.0792
2.0088,-36.3053
-21.7112,92.1831
-79.1954,92.5941
-29.9353,-84.8943
18.1819,23.7211
-97.6758,-30.2546
-74.0106,-88.2725
-64.8857,-86.8909
73.0830,-3.7584
53.2012,35.0174
7.6057,37.6827
-13.3800,64.2707
-97.3870,-89.7909
-14.7687,21.3155
28.0570,31.3524
64.3727,76.9241
62.0625,74.6174
-77.4965,-31.2458
40.1350,-2.1734
48.6906,58.3545
56.4252,35.0473
-52.9363,77.9916
-2.5156,-44.3136
81.2224,-64.9546
99.1200,84.5275
-96.1662,52.0310
-84.9779,25.5463
-42.0469,58.1414
-91.5351,-25.3037
-19.5584,44.0639
-30.0443,-91.4477
-11.9626,-81.1537
47.9485,-38.0269
41.6338,-47.3672
-39.9311,34.9248
-44.1203,-50.0159
57.7169,-94.0270
-25.4631,-66.5514
-76.9914,-62.0859
66.2822,9.9586
26.3668,-20.0511
-34.6754,20.6759
61.9518,-67.8701
-12.0050,-61.4317
-46.4906,43.1097
-37.2124,21.9885
25.9166,-45.1603
57.1633,-46.5531
-23.8153,-9.2555
17.8954,93.5641
-93.5285,-75.5790
21.3979,-37.2075
81.9428,67.0441
-83.4642,-70.9550
37.9486,54.1107
-84.3343,71.6043
75.5731,14.0374
-34.0789,99.8940
40.4454,-71.9911
-97.4510,-79.7861
31.0475,94.3986
20.3439,65.3246
78.9541,-3.5117
19.0007,99.3402
-21.7941,-41.8938
-83.0147,-44.9969
-73.0772,-52.4749
63.0319,48.6233
73.4072,-60.2542
-1.8850,94.2523
-3.4412,95.7082
32.1488,53.7743
6.8461,36.1940
-28.4812,33.8847
-70.6809,-30.4074
-50.8361,-45.5554
23.9717,85.4157
-7.5741,-45.6793
-25.7739,53.2826
-21.0477,87.1876
15.4405,57.6990
94.2000,67.9594
-81.9039,88.6165
83.2906,-40.1869
-10.9316,-68.2305
-69.1442,-17.1678
-25.8229,23.0631
-1.1517,97.4287
36.9357,51.5337
50.9868,14.7691
47.7484,79.6704
39.6771,-21.4203
-47.7755,76.2476
-90.1937,-29.6734
79.9514,-46.0303
89.7252,-62.3061
85.1923,26.5251
76.3961,84.0791
-58.3294,-37.2461
-92.2660,-53.0805
44.3222,40.3836
-95.5491,33.6862
-16.3165,-95.5924
-70.4846,59.7827
-60.8367,-82.3539
-39.0794,38.4480
22.3916,89.9037
69.4853,-55.6995
-46.9499,-87.1420
-26.8961,88.9850
4.0458,28.5268
-74.8970,-67.1253
-22.3986,3.0294
18.6218,73.3162
-64.1724,-80.4619
-79.1921,47.1586
-30.9758,-2.7618
91.1578,7.5286
5.8499,-39.2093
19.8555,-45.5164
-75.7045,-42.2053
-71.5252,79.4050
-11.2259,-64.9590
96.7920,9.5202
-24.2715,-86.2218
-89.7729,-93.9919
85.0295,-58.4578
75.6193,92.0668
-94.0318,-64.4793
-71.1030,88.1591
67.3358,37.3571
-5.1123,71.8318
3.3391,72.5267
52.0378,93.2604
20.0398,-21.4395
30.9276,-87.2084
-19.6051,28.6720
50.3982,-56.0789
76.4817,91.3226
90.2490,47.6497
19.9122,-56.4840
-39.9193,89.8271
39.8284,60.2112
-86.8072,52.7935
4.1786,85.5132
25.9941,-20.8079
86.5842,-68.9833
42.6935,95.9027
52.7714,-79.4680
68.8848,84.7859
-61.3284,92.1583
13.1211,95.9886
14.3740,-21.2738
-42.2116,-98.2012
-44.2296,29.2088
47.4634,77.3875
6.3040,-40.3566
-99.9481,-13.2776
10.2383,29.6167
97.0264,78.2900
34.8952,-67.4378
27.4888,-25.2372
61.9502,80.3108
-65.4140,49.3561
-29.0527,70.1100
55.4278,5.0040
21.5200,79.7153
-53.6813,30.8390
11.6274,63.7274
-56.2405,79.2852
-91.3731,48.7990
55.9309,-63.7197
12.3644,-3.8421
61.7830,-22.4213
5.7510,69.4521
37.1062,-68.2681
-78.0147,51.6253
43.7955,77.6239
52.7765,-72.7527
-77.0927,64.2736
53.2094,-83.8357
21.2324,-8.5680
-8.3765,15.2593
51.2196,-55.5978
-48.6610,-5.6760
-64.3811,9.4024
-39.9600,-81.1441
-45.6425,4.5713
-61.5439,4.5675
-32.3111,13.8406
63.9238,-82.9148
-78.2430,68.5168
17.5412,-12.9906
-43.6012,26.8285
-79.3855,-31.1040
-87.9484,-23.0312
31.4067,-89.3182
21.9647,33.7603
-38.5513,81.6808
-54.3561,-58.9363
-10.6547,7.0967
6.3808,94.5897
-5.4354,29.0522
66.7544,12.6325
-42.9608,-77.8016
77.9593,-75.1405
31.1132,35.9770
0.1381,-6.2696
83.1799,-39.7261
-98.9789,-51.9995
61.7003,-84.0132
19.8657,-44.9241
84.6117,82.3348
-69.4304,-55.9742
-93.6083,-63.8873
30.0456,92.5235
87.1611,89.3973
-65.9162,28.1054
84.6978,82.4744
68.3924,97.1375
-3.0044,23.9971
-46.1755,70.5427
9.2721,-88.6592
-99.3391,89.4186
55.9576,18.5129
-81.3277,37.2772
-83.9412,1.4721
-85.8196,-37.6040
-72.1444,-64.1556
